Tick,Node1,Node2,Node3,Node4,Node5,Node6,Node7,Node8,Node9,Node10,Node11,Node12,Node13,Node14,Node15,Node16,Node17,Node18,Node19,Node20,Node21,Node22,Node23
0,0.114000,0.114000,0.114000,0.114000,0.114000,0.114000,0.114000,0.114000,0.114000,0.114000,0.114000,0.114000,0.114000,0.114000,0.114000,0.114000,0.114000,0.114000,0.114000,0.114000,0.114000,0.114000,0.114000
1,0.145000,0.135000,0.135000,0.135000,0.135000,0.145000,0.135000,0.135000,0.145000,0.135000,0.135000,0.135000,0.114000,0.135000,0.135000,0.135000,0.135000,0.135000,0.135000,0.135000,0.135000,0.135000,0.135000
2,0.145000,0.135000,0.135000,0.135000,0.135000,0.145000,0.135000,0.135000,0.145000,0.135000,0.135000,0.135000,0.114000,0.135000,0.135000,0.135000,0.135000,0.135000,0.135000,0.135000,0.135000,0.135000,0.135000
3,0.145000,0.135000,0.135000,0.135000,0.135000,0.145000,0.135000,0.135000,0.145000,0.135000,0.135000,0.135000,0.114000,0.135000,0.135000,0.135000,0.135000,0.135000,0.135000,0.135000,0.135000,0.135000,0.135000
4,0.145000,0.135000,0.135000,0.135000,0.135000,0.145000,0.135000,0.135000,0.145000,0.135000,0.135000,0.135000,0.114000,0.135000,0.135000,0.135000,0.135000,0.135000,0.135000,0.135000,0.135000,0.135000,0.135000
5,0.145000,0.135000,0.135000,0.135000,0.135000,0.145000,0.135000,0.135000,0.145000,0.135000,0.135000,0.145000,0.114000,0.135000,0.135000,0.135000,0.135000,0.135000,0.135000,0.135000,0.145000,0.135000,0.135000
6,0.145000,0.135000,0.135000,0.135000,0.135000,0.145000,0.135000,0.135000,0.145000,0.135000,0.135000,0.145000,0.114000,0.135000,0.135000,0.135000,0.135000,0.135000,0.135000,0.135000,0.135000,0.135000,0.135000
7,0.145000,0.135000,0.135000,0.135000,0.135000,0.145000,0.135000,0.135000,0.145000,0.135000,0.135000,0.145000,0.114000,0.135000,0.135000,0.135000,0.135000,0.135000,0.135000,0.135000,0.135000,0.135000,0.135000
8,0.145000,0.135000,0.135000,0.145000,0.145000,0.145000,0.135000,0.135000,0.145000,0.135000,0.135000,0.145000,0.114000,0.135000,0.145000,0.135000,0.135000,0.135000,0.135000,0.135000,0.135000,0.135000,0.135000
9,0.145000,0.135000,0.135000,0.145000,0.145000,0.145000,0.135000,0.135000,0.145000,0.135000,0.135000,0.145000,0.114000,0.135000,0.145000,0.145000,0.135000,0.145000,0.135000,0.135000,0.135000,0.135000,0.135000
10,0.145000,0.135000,0.135000,0.145000,0.145000,0.145000,0.145000,0.145000,0.145000,0.135000,0.135000,0.145000,0.114000,0.135000,0.145000,0.145000,0.145000,0.145000,0.135000,0.135000,0.145000,0.135000,0.135000
11,0.145000,0.135000,0.135000,0.145000,0.145000,0.145000,0.145000,0.145000,0.145000,0.135000,0.135000,0.145000,0.114000,0.135000,0.145000,0.145000,0.145000,0.145000,0.135000,0.135000,0.145000,0.135000,0.135000
12,0.145000,0.135000,0.135000,0.145000,0.145000,0.145000,0.145000,0.145000,0.145000,0.135000,0.135000,0.145000,0.114000,0.145000,0.145000,0.145000,0.145000,0.145000,0.135000,0.135000,0.145000,0.145000,0.145000
13,0.145000,0.135000,0.135000,0.145000,0.145000,0.153000,0.145000,0.145000,0.145000,0.135000,0.135000,0.145000,0.114000,0.145000,0.145000,0.145000,0.145000,0.145000,0.135000,0.135000,0.145000,0.145000,0.145000
14,0.145000,0.135000,0.135000,0.145000,0.145000,0.153000,0.145000,0.145000,0.145000,0.135000,0.135000,0.145000,0.114000,0.145000,0.145000,0.145000,0.145000,0.145000,0.135000,0.135000,0.145000,0.145000,0.145000
15,0.145000,0.135000,0.135000,0.145000,0.145000,0.153000,0.145000,0.145000,0.145000,0.135000,0.135000,0.145000,0.114000,0.145000,0.145000,0.145000,0.145000,0.145000,0.145000,0.135000,0.145000,0.145000,0.145000
16,0.145000,0.135000,0.135000,0.145000,0.145000,0.153000,0.145000,0.145000,0.145000,0.135000,0.135000,0.145000,0.114000,0.145000,0.145000,0.145000,0.145000,0.145000,0.145000,0.135000,0.145000,0.145000,0.145000
17,0.145000,0.135000,0.135000,0.145000,0.145000,0.153000,0.145000,0.145000,0.145000,0.135000,0.135000,0.145000,0.114000,0.145000,0.145000,0.145000,0.145000,0.145000,0.145000,0.135000,0.145000,0.145000,0.145000
18,0.145000,0.135000,0.135000,0.145000,0.145000,0.153000,0.145000,0.145000,0.145000,0.135000,0.135000,0.145000,0.114000,0.145000,0.145000,0.145000,0.145000,0.145000,0.145000,0.135000,0.145000,0.145000,0.145000
19,0.145000,0.135000,0.135000,0.145000,0.145000,0.153000,0.145000,0.145000,0.145000,0.135000,0.135000,0.145000,0.114000,0.145000,0.145000,0.145000,0.145000,0.145000,0.145000,0.145000,0.145000,0.145000,0.145000
20,0.145000,0.135000,0.135000,0.145000,0.145000,0.153000,0.145000,0.145000,0.145000,0.135000,0.135000,0.145000,0.114000,0.145000,0.145000,0.145000,0.145000,0.145000,0.145000,0.145000,0.145000,0.145000,0.145000
21,0.145000,0.135000,0.135000,0.145000,0.145000,0.153000,0.145000,0.145000,0.145000,0.135000,0.135000,0.145000,0.114000,0.145000,0.145000,0.145000,0.145000,0.145000,0.145000,0.145000,0.145000,0.145000,0.145000
22,0.145000,0.135000,0.135000,0.145000,0.145000,0.153000,0.145000,0.145000,0.145000,0.135000,0.135000,0.145000,0.114000,0.145000,0.145000,0.145000,0.145000,0.145000,0.145000,0.145000,0.145000,0.145000,0.145000
23,0.145000,0.135000,0.135000,0.145000,0.145000,0.153000,0.145000,0.145000,0.145000,0.135000,0.135000,0.145000,0.114000,0.145000,0.145000,0.145000,0.145000,0.145000,0.145000,0.145000,0.145000,0.145000,0.145000
24,0.145000,0.135000,0.135000,0.145000,0.145000,0.153000,0.145000,0.145000,0.145000,0.135000,0.135000,0.145000,0.114000,0.145000,0.145000,0.145000,0.145000,0.145000,0.145000,0.145000,0.145000,0.145000,0.145000
25,0.145000,0.135000,0.135000,0.145000,0.145000,0.153000,0.145000,0.145000,0.145000,0.135000,0.135000,0.145000,0.114000,0.145000,0.145000,0.145000,0.145000,0.145000,0.145000,0.145000,0.145000,0.145000,0.145000
26,0.145000,0.135000,0.135000,0.145000,0.145000,0.153000,0.145000,0.145000,0.145000,0.135000,0.135000,0.145000,0.114000,0.145000,0.145000,0.145000,0.145000,0.145000,0.145000,0.145000,0.145000,0.145000,0.145000
27,0.145000,0.135000,0.135000,0.145000,0.145000,0.153000,0.145000,0.145000,0.153000,0.135000,0.135000,0.145000,0.114000,0.145000,0.145000,0.145000,0.145000,0.145000,0.145000,0.145000,0.145000,0.145000,0.145000
28,0.145000,0.135000,0.135000,0.145000,0.145000,0.153000,0.145000,0.145000,0.153000,0.135000,0.135000,0.145000,0.114000,0.145000,0.145000,0.145000,0.145000,0.145000,0.145000,0.145000,0.145000,0.145000,0.145000
29,0.145000,0.135000,0.135000,0.145000,0.145000,0.153000,0.145000,0.145000,0.153000,0.135000,0.135000,0.145000,0.114000,0.145000,0.145000,0.145000,0.145000,0.145000,0.145000,0.145000,0.145000,0.145000,0.145000
30,0.145000,0.135000,0.135000,0.145000,0.145000,0.153000,0.145000,0.145000,0.153000,0.135000,0.135000,0.145000,0.114000,0.145000,0.145000,0.145000,0.145000,0.145000,0.145000,0.145000,0.145000,0.145000,0.145000
31,0.145000,0.135000,0.135000,0.145000,0.145000,0.153000,0.145000,0.145000,0.153000,0.135000,0.135000,0.145000,0.114000,0.145000,0.145000,0.145000,0.145000,0.145000,0.145000,0.145000,0.145000,0.145000,0.145000
32,0.145000,0.135000,0.135000,0.145000,0.145000,0.153000,0.145000,0.145000,0.153000,0.145000,0.135000,0.145000,0.114000,0.145000,0.145000,0.145000,0.145000,0.145000,0.145000,0.145000,0.145000,0.145000,0.145000
33,0.145000,0.135000,0.135000,0.145000,0.145000,0.153000,0.145000,0.145000,0.153000,0.145000,0.135000,0.145000,0.114000,0.145000,0.145000,0.145000,0.145000,0.145000,0.145000,0.145000,0.145000,0.145000,0.145000
34,0.145000,0.135000,0.135000,0.145000,0.145000,0.153000,0.145000,0.145000,0.153000,0.145000,0.135000,0.145000,0.114000,0.145000,0.145000,0.145000,0.145000,0.145000,0.145000,0.145000,0.145000,0.145000,0.145000
35,0.145000,0.135000,0.135000,0.145000,0.145000,0.153000,0.145000,0.145000,0.153000,0.145000,0.135000,0.145000,0.114000,0.145000,0.145000,0.145000,0.145000,0.145000,0.145000,0.145000,0.145000,0.145000,0.145000
36,0.145000,0.135000,0.135000,0.145000,0.145000,0.153000,0.145000,0.145000,0.153000,0.145000,0.135000,0.145000,0.114000,0.145000,0.145000,0.145000,0.145000,0.145000,0.145000,0.145000,0.145000,0.145000,0.145000
37,0.145000,0.135000,0.135000,0.145000,0.145000,0.153000,0.145000,0.145000,0.153000,0.145000,0.135000,0.145000,0.114000,0.145000,0.145000,0.145000,0.145000,0.145000,0.145000,0.145000,0.145000,0.145000,0.145000
38,0.145000,0.135000,0.135000,0.145000,0.145000,0.153000,0.145000,0.145000,0.153000,0.145000,0.135000,0.145000,0.114000,0.145000,0.145000,0.145000,0.145000,0.145000,0.145000,0.145000,0.145000,0.145000,0.145000
39,0.145000,0.135000,0.135000,0.145000,0.145000,0.153000,0.145000,0.145000,0.153000,0.145000,0.135000,0.145000,0.114000,0.145000,0.145000,0.145000,0.145000,0.145000,0.145000,0.145000,0.145000,0.145000,0.145000
40,0.145000,0.135000,0.135000,0.145000,0.145000,0.153000,0.145000,0.145000,0.153000,0.145000,0.135000,0.145000,0.114000,0.145000,0.145000,0.145000,0.145000,0.145000,0.145000,0.145000,0.145000,0.145000,0.145000
41,0.145000,0.135000,0.135000,0.145000,0.145000,0.153000,0.145000,0.145000,0.153000,0.145000,0.135000,0.145000,0.114000,0.145000,0.145000,0.145000,0.145000,0.145000,0.145000,0.145000,0.145000,0.145000,0.145000
42,0.145000,0.135000,0.135000,0.145000,0.145000,0.153000,0.145000,0.145000,0.153000,0.145000,0.135000,0.145000,0.114000,0.145000,0.145000,0.145000,0.145000,0.145000,0.145000,0.145000,0.145000,0.145000,0.145000
43,0.145000,0.135000,0.135000,0.145000,0.145000,0.153000,0.145000,0.145000,0.153000,0.145000,0.135000,0.145000,0.114000,0.145000,0.145000,0.145000,0.145000,0.145000,0.145000,0.145000,0.145000,0.145000,0.145000
44,0.145000,0.135000,0.135000,0.145000,0.145000,0.153000,0.145000,0.145000,0.153000,0.145000,0.135000,0.145000,0.114000,0.145000,0.145000,0.145000,0.145000,0.145000,0.145000,0.145000,0.145000,0.145000,0.145000
45,0.145000,0.135000,0.135000,0.145000,0.145000,0.153000,0.145000,0.145000,0.153000,0.145000,0.135000,0.145000,0.114000,0.145000,0.145000,0.145000,0.145000,0.145000,0.145000,0.145000,0.145000,0.145000,0.145000
46,0.145000,0.135000,0.135000,0.145000,0.145000,0.153000,0.145000,0.145000,0.153000,0.145000,0.135000,0.145000,0.114000,0.145000,0.145000,0.145000,0.145000,0.145000,0.145000,0.145000,0.145000,0.145000,0.145000
47,0.145000,0.135000,0.135000,0.145000,0.145000,0.153000,0.145000,0.145000,0.153000,0.145000,0.135000,0.145000,0.114000,0.145000,0.145000,0.145000,0.145000,0.145000,0.145000,0.145000,0.145000,0.145000,0.145000
48,0.145000,0.135000,0.135000,0.145000,0.145000,0.153000,0.145000,0.145000,0.153000,0.145000,0.135000,0.145000,0.114000,0.145000,0.145000,0.145000,0.145000,0.145000,0.145000,0.145000,0.145000,0.145000,0.145000
49,0.145000,0.135000,0.135000,0.145000,0.145000,0.153000,0.145000,0.145000,0.153000,0.145000,0.135000,0.145000,0.114000,0.145000,0.145000,0.145000,0.145000,0.145000,0.145000,0.145000,0.145000,0.145000,0.145000
50,0.145000,0.135000,0.135000,0.145000,0.145000,0.153000,0.145000,0.145000,0.153000,0.145000,0.135000,0.145000,0.114000,0.145000,0.145000,0.145000,0.145000,0.145000,0.145000,0.145000,0.145000,0.145000,0.145000
51,0.145000,0.135000,0.135000,0.145000,0.145000,0.153000,0.145000,0.145000,0.153000,0.145000,0.135000,0.145000,0.114000,0.145000,0.145000,0.145000,0.145000,0.145000,0.145000,0.145000,0.145000,0.145000,0.145000
52,0.145000,0.135000,0.135000,0.145000,0.145000,0.153000,0.145000,0.145000,0.153000,0.145000,0.135000,0.145000,0.114000,0.145000,0.145000,0.145000,0.145000,0.145000,0.145000,0.145000,0.145000,0.145000,0.145000
53,0.145000,0.135000,0.135000,0.145000,0.145000,0.153000,0.145000,0.145000,0.153000,0.145000,0.135000,0.145000,0.135000,0.145000,0.145000,0.145000,0.145000,0.145000,0.145000,0.145000,0.145000,0.145000,0.145000
54,0.145000,0.135000,0.135000,0.145000,0.145000,0.153000,0.145000,0.145000,0.153000,0.145000,0.135000,0.145000,0.114000,0.145000,0.145000,0.145000,0.145000,0.145000,0.145000,0.145000,0.145000,0.145000,0.145000
55,0.145000,0.135000,0.135000,0.145000,0.145000,0.153000,0.145000,0.145000,0.153000,0.145000,0.135000,0.145000,0.135000,0.145000,0.145000,0.145000,0.145000,0.145000,0.145000,0.145000,0.145000,0.145000,0.145000
56,0.145000,0.135000,0.135000,0.145000,0.145000,0.153000,0.145000,0.145000,0.153000,0.145000,0.145000,0.145000,0.135000,0.145000,0.145000,0.145000,0.145000,0.145000,0.145000,0.145000,0.145000,0.145000,0.145000
57,0.145000,0.135000,0.135000,0.145000,0.145000,0.153000,0.145000,0.145000,0.153000,0.145000,0.145000,0.145000,0.135000,0.145000,0.145000,0.145000,0.145000,0.145000,0.145000,0.145000,0.145000,0.145000,0.145000
58,0.145000,0.135000,0.135000,0.145000,0.145000,0.153000,0.145000,0.145000,0.153000,0.145000,0.145000,0.145000,0.135000,0.145000,0.145000,0.145000,0.145000,0.145000,0.145000,0.145000,0.145000,0.145000,0.145000
59,0.145000,0.135000,0.135000,0.145000,0.145000,0.153000,0.145000,0.145000,0.153000,0.145000,0.145000,0.145000,0.135000,0.145000,0.145000,0.145000,0.145000,0.145000,0.145000,0.145000,0.145000,0.145000,0.145000
60,0.145000,0.135000,0.135000,0.145000,0.145000,0.153000,0.145000,0.145000,0.153000,0.145000,0.145000,0.145000,0.135000,0.145000,0.145000,0.145000,0.145000,0.145000,0.145000,0.145000,0.145000,0.145000,0.145000
61,0.145000,0.135000,0.135000,0.145000,0.145000,0.153000,0.145000,0.145000,0.153000,0.145000,0.145000,0.145000,0.135000,0.145000,0.145000,0.145000,0.145000,0.145000,0.145000,0.145000,0.145000,0.145000,0.145000
62,0.145000,0.135000,0.135000,0.145000,0.145000,0.153000,0.145000,0.145000,0.153000,0.145000,0.145000,0.145000,0.114000,0.145000,0.145000,0.145000,0.145000,0.145000,0.145000,0.145000,0.145000,0.145000,0.145000
63,0.145000,0.135000,0.135000,0.145000,0.145000,0.153000,0.145000,0.145000,0.153000,0.145000,0.145000,0.145000,0.135000,0.145000,0.145000,0.145000,0.145000,0.145000,0.145000,0.145000,0.145000,0.145000,0.145000
64,0.145000,0.135000,0.135000,0.145000,0.145000,0.153000,0.145000,0.145000,0.153000,0.145000,0.145000,0.145000,0.114000,0.145000,0.145000,0.145000,0.145000,0.145000,0.145000,0.145000,0.145000,0.145000,0.145000
65,0.145000,0.135000,0.135000,0.145000,0.145000,0.153000,0.145000,0.145000,0.153000,0.145000,0.145000,0.145000,0.135000,0.145000,0.145000,0.145000,0.145000,0.145000,0.145000,0.145000,0.145000,0.145000,0.145000
66,0.145000,0.135000,0.135000,0.145000,0.145000,0.153000,0.145000,0.145000,0.153000,0.145000,0.145000,0.145000,0.135000,0.145000,0.145000,0.145000,0.145000,0.145000,0.145000,0.145000,0.145000,0.145000,0.145000
67,0.145000,0.135000,0.135000,0.145000,0.145000,0.153000,0.145000,0.145000,0.153000,0.145000,0.145000,0.145000,0.114000,0.145000,0.145000,0.145000,0.145000,0.145000,0.145000,0.145000,0.145000,0.145000,0.145000
68,0.145000,0.135000,0.135000,0.145000,0.145000,0.153000,0.145000,0.145000,0.153000,0.145000,0.145000,0.145000,0.114000,0.145000,0.145000,0.145000,0.145000,0.145000,0.145000,0.145000,0.145000,0.145000,0.145000
69,0.145000,0.135000,0.135000,0.145000,0.145000,0.153000,0.145000,0.145000,0.153000,0.145000,0.145000,0.145000,0.114000,0.145000,0.145000,0.145000,0.145000,0.145000,0.145000,0.145000,0.145000,0.145000,0.145000
70,0.145000,0.135000,0.135000,0.145000,0.145000,0.153000,0.145000,0.145000,0.153000,0.145000,0.145000,0.145000,0.114000,0.145000,0.145000,0.145000,0.145000,0.145000,0.145000,0.145000,0.145000,0.145000,0.145000
71,0.145000,0.135000,0.135000,0.145000,0.145000,0.153000,0.145000,0.145000,0.153000,0.145000,0.145000,0.145000,0.114000,0.145000,0.145000,0.145000,0.145000,0.145000,0.145000,0.145000,0.145000,0.145000,0.145000
72,0.145000,0.135000,0.135000,0.145000,0.145000,0.153000,0.145000,0.145000,0.153000,0.145000,0.145000,0.145000,0.114000,0.145000,0.145000,0.145000,0.145000,0.145000,0.145000,0.145000,0.145000,0.145000,0.145000
73,0.145000,0.135000,0.135000,0.145000,0.145000,0.153000,0.145000,0.145000,0.153000,0.145000,0.145000,0.145000,0.114000,0.145000,0.145000,0.145000,0.145000,0.145000,0.145000,0.145000,0.145000,0.145000,0.145000
74,0.145000,0.135000,0.135000,0.145000,0.145000,0.153000,0.145000,0.145000,0.153000,0.145000,0.145000,0.145000,0.114000,0.145000,0.145000,0.145000,0.145000,0.145000,0.145000,0.145000,0.145000,0.145000,0.145000
75,0.145000,0.135000,0.135000,0.145000,0.145000,0.153000,0.145000,0.145000,0.153000,0.145000,0.145000,0.145000,0.114000,0.145000,0.145000,0.145000,0.145000,0.145000,0.145000,0.145000,0.145000,0.145000,0.145000
76,0.145000,0.135000,0.135000,0.145000,0.145000,0.153000,0.145000,0.145000,0.153000,0.145000,0.145000,0.145000,0.114000,0.145000,0.145000,0.145000,0.145000,0.145000,0.145000,0.145000,0.145000,0.145000,0.145000
77,0.145000,0.135000,0.135000,0.145000,0.145000,0.153000,0.145000,0.145000,0.153000,0.145000,0.145000,0.145000,0.114000,0.145000,0.145000,0.145000,0.145000,0.145000,0.145000,0.145000,0.145000,0.145000,0.145000
78,0.145000,0.135000,0.135000,0.145000,0.145000,0.153000,0.145000,0.145000,0.153000,0.145000,0.145000,0.145000,0.114000,0.145000,0.145000,0.145000,0.145000,0.145000,0.145000,0.145000,0.145000,0.145000,0.145000
79,0.145000,0.135000,0.135000,0.145000,0.145000,0.153000,0.145000,0.145000,0.153000,0.145000,0.145000,0.145000,0.114000,0.145000,0.145000,0.145000,0.145000,0.145000,0.145000,0.145000,0.145000,0.145000,0.145000
80,0.145000,0.135000,0.135000,0.145000,0.145000,0.153000,0.145000,0.145000,0.153000,0.145000,0.145000,0.145000,0.114000,0.145000,0.145000,0.145000,0.145000,0.145000,0.145000,0.145000,0.145000,0.145000,0.145000
81,0.145000,0.135000,0.135000,0.145000,0.145000,0.153000,0.145000,0.145000,0.153000,0.145000,0.145000,0.145000,0.114000,0.145000,0.145000,0.145000,0.145000,0.145000,0.145000,0.145000,0.145000,0.145000,0.145000
82,0.145000,0.135000,0.135000,0.145000,0.145000,0.153000,0.145000,0.145000,0.153000,0.145000,0.145000,0.145000,0.114000,0.145000,0.145000,0.145000,0.145000,0.145000,0.145000,0.145000,0.145000,0.145000,0.145000
83,0.145000,0.135000,0.135000,0.145000,0.145000,0.153000,0.145000,0.145000,0.153000,0.145000,0.145000,0.145000,0.114000,0.145000,0.145000,0.145000,0.145000,0.145000,0.145000,0.145000,0.145000,0.145000,0.145000
84,0.145000,0.135000,0.135000,0.145000,0.145000,0.153000,0.145000,0.145000,0.153000,0.145000,0.145000,0.145000,0.114000,0.145000,0.145000,0.145000,0.145000,0.145000,0.145000,0.145000,0.145000,0.145000,0.145000
85,0.145000,0.135000,0.135000,0.145000,0.145000,0.153000,0.145000,0.145000,0.153000,0.145000,0.145000,0.145000,0.114000,0.145000,0.145000,0.145000,0.145000,0.145000,0.145000,0.145000,0.145000,0.145000,0.145000
86,0.145000,0.135000,0.135000,0.145000,0.145000,0.153000,0.145000,0.145000,0.153000,0.145000,0.145000,0.145000,0.114000,0.145000,0.145000,0.145000,0.145000,0.145000,0.145000,0.145000,0.145000,0.145000,0.145000
87,0.145000,0.135000,0.135000,0.145000,0.145000,0.153000,0.145000,0.145000,0.153000,0.145000,0.145000,0.145000,0.114000,0.145000,0.145000,0.145000,0.145000,0.145000,0.145000,0.145000,0.145000,0.145000,0.145000
88,0.145000,0.135000,0.135000,0.145000,0.145000,0.153000,0.145000,0.145000,0.153000,0.145000,0.145000,0.145000,0.114000,0.145000,0.145000,0.145000,0.145000,0.145000,0.145000,0.145000,0.145000,0.145000,0.145000
89,0.145000,0.135000,0.135000,0.145000,0.145000,0.153000,0.145000,0.145000,0.153000,0.145000,0.145000,0.145000,0.114000,0.145000,0.145000,0.145000,0.145000,0.145000,0.145000,0.145000,0.145000,0.145000,0.145000
90,0.145000,0.135000,0.135000,0.145000,0.145000,0.153000,0.145000,0.145000,0.153000,0.145000,0.145000,0.145000,0.114000,0.145000,0.145000,0.145000,0.145000,0.145000,0.145000,0.145000,0.145000,0.145000,0.145000
91,0.145000,0.135000,0.135000,0.145000,0.145000,0.153000,0.145000,0.145000,0.153000,0.145000,0.145000,0.145000,0.114000,0.145000,0.145000,0.145000,0.145000,0.145000,0.145000,0.145000,0.145000,0.145000,0.145000
92,0.145000,0.135000,0.135000,0.145000,0.145000,0.153000,0.145000,0.145000,0.153000,0.145000,0.145000,0.145000,0.114000,0.145000,0.145000,0.145000,0.145000,0.145000,0.145000,0.145000,0.145000,0.145000,0.145000
93,0.145000,0.135000,0.135000,0.145000,0.145000,0.153000,0.145000,0.145000,0.153000,0.145000,0.145000,0.145000,0.114000,0.145000,0.145000,0.145000,0.145000,0.145000,0.145000,0.145000,0.145000,0.145000,0.145000
94,0.145000,0.135000,0.135000,0.145000,0.145000,0.153000,0.145000,0.145000,0.153000,0.145000,0.145000,0.145000,0.114000,0.145000,0.145000,0.145000,0.145000,0.145000,0.145000,0.145000,0.145000,0.145000,0.145000
95,0.145000,0.135000,0.135000,0.145000,0.145000,0.153000,0.145000,0.145000,0.153000,0.145000,0.145000,0.145000,0.114000,0.145000,0.145000,0.145000,0.145000,0.145000,0.145000,0.145000,0.145000,0.145000,0.145000
96,0.145000,0.135000,0.135000,0.145000,0.145000,0.153000,0.145000,0.145000,0.153000,0.145000,0.145000,0.145000,0.114000,0.145000,0.145000,0.145000,0.145000,0.145000,0.145000,0.145000,0.145000,0.145000,0.145000
97,0.145000,0.135000,0.135000,0.145000,0.145000,0.153000,0.145000,0.145000,0.153000,0.145000,0.145000,0.145000,0.114000,0.145000,0.145000,0.145000,0.145000,0.145000,0.145000,0.145000,0.145000,0.145000,0.145000
98,0.145000,0.135000,0.135000,0.145000,0.145000,0.153000,0.145000,0.145000,0.153000,0.145000,0.145000,0.145000,0.114000,0.145000,0.145000,0.145000,0.145000,0.145000,0.145000,0.145000,0.145000,0.145000,0.145000
99,0.145000,0.135000,0.135000,0.145000,0.145000,0.153000,0.145000,0.145000,0.153000,0.145000,0.145000,0.145000,0.114000,0.145000,0.145000,0.145000,0.145000,0.145000,0.145000,0.145000,0.145000,0.145000,0.145000
100,0.145000,0.135000,0.135000,0.145000,0.145000,0.153000,0.145000,0.145000,0.153000,0.145000,0.145000,0.145000,0.114000,0.145000,0.145000,0.145000,0.145000,0.145000,0.145000,0.145000,0.145000,0.145000,0.145000
101,0.145000,0.135000,0.135000,0.145000,0.145000,0.153000,0.145000,0.145000,0.153000,0.145000,0.145000,0.145000,0.114000,0.145000,0.145000,0.145000,0.145000,0.145000,0.145000,0.145000,0.145000,0.145000,0.145000
102,0.145000,0.135000,0.135000,0.145000,0.145000,0.153000,0.145000,0.145000,0.153000,0.145000,0.145000,0.145000,0.114000,0.145000,0.145000,0.145000,0.145000,0.145000,0.145000,0.145000,0.145000,0.145000,0.145000
103,0.145000,0.135000,0.135000,0.145000,0.145000,0.153000,0.145000,0.145000,0.153000,0.145000,0.145000,0.145000,0.114000,0.145000,0.145000,0.145000,0.145000,0.145000,0.145000,0.145000,0.145000,0.145000,0.145000
104,0.145000,0.135000,0.135000,0.145000,0.145000,0.153000,0.145000,0.145000,0.153000,0.145000,0.145000,0.145000,0.114000,0.145000,0.145000,0.145000,0.145000,0.145000,0.145000,0.145000,0.145000,0.145000,0.145000
105,0.145000,0.135000,0.135000,0.145000,0.145000,0.153000,0.145000,0.145000,0.153000,0.145000,0.145000,0.145000,0.114000,0.145000,0.145000,0.145000,0.145000,0.145000,0.145000,0.145000,0.145000,0.145000,0.145000
106,0.145000,0.135000,0.135000,0.145000,0.145000,0.153000,0.145000,0.145000,0.153000,0.145000,0.145000,0.145000,0.114000,0.145000,0.145000,0.145000,0.145000,0.145000,0.145000,0.145000,0.145000,0.145000,0.145000
107,0.145000,0.135000,0.135000,0.145000,0.145000,0.153000,0.145000,0.145000,0.153000,0.145000,0.145000,0.145000,0.114000,0.145000,0.145000,0.145000,0.145000,0.145000,0.145000,0.145000,0.145000,0.145000,0.145000
108,0.145000,0.135000,0.135000,0.145000,0.145000,0.153000,0.145000,0.145000,0.153000,0.145000,0.145000,0.145000,0.114000,0.145000,0.145000,0.145000,0.145000,0.145000,0.145000,0.145000,0.145000,0.145000,0.145000
109,0.145000,0.135000,0.135000,0.145000,0.145000,0.153000,0.145000,0.145000,0.153000,0.145000,0.145000,0.145000,0.114000,0.145000,0.145000,0.145000,0.145000,0.145000,0.145000,0.145000,0.145000,0.145000,0.145000
110,0.145000,0.135000,0.135000,0.145000,0.145000,0.153000,0.145000,0.145000,0.153000,0.145000,0.145000,0.145000,0.114000,0.145000,0.145000,0.145000,0.145000,0.145000,0.145000,0.145000,0.145000,0.145000,0.145000
111,0.145000,0.135000,0.135000,0.145000,0.145000,0.153000,0.145000,0.145000,0.153000,0.145000,0.145000,0.145000,0.114000,0.145000,0.145000,0.145000,0.145000,0.145000,0.145000,0.145000,0.145000,0.145000,0.145000
112,0.145000,0.135000,0.135000,0.145000,0.145000,0.153000,0.145000,0.145000,0.153000,0.145000,0.145000,0.145000,0.114000,0.145000,0.145000,0.145000,0.145000,0.145000,0.145000,0.145000,0.145000,0.145000,0.145000
113,0.145000,0.135000,0.135000,0.145000,0.145000,0.153000,0.145000,0.145000,0.153000,0.145000,0.145000,0.145000,0.114000,0.145000,0.145000,0.145000,0.145000,0.145000,0.145000,0.145000,0.145000,0.145000,0.145000
114,0.145000,0.135000,0.135000,0.145000,0.145000,0.153000,0.145000,0.145000,0.153000,0.145000,0.145000,0.145000,0.114000,0.145000,0.145000,0.145000,0.145000,0.145000,0.145000,0.145000,0.145000,0.145000,0.145000
115,0.145000,0.135000,0.135000,0.145000,0.145000,0.153000,0.145000,0.145000,0.153000,0.145000,0.145000,0.145000,0.114000,0.145000,0.145000,0.145000,0.145000,0.145000,0.145000,0.145000,0.145000,0.145000,0.145000
116,0.145000,0.135000,0.135000,0.145000,0.145000,0.153000,0.145000,0.145000,0.153000,0.145000,0.145000,0.145000,0.114000,0.145000,0.145000,0.145000,0.145000,0.145000,0.145000,0.145000,0.145000,0.145000,0.145000
117,0.145000,0.135000,0.135000,0.145000,0.145000,0.153000,0.145000,0.145000,0.153000,0.145000,0.145000,0.145000,0.114000,0.145000,0.145000,0.145000,0.145000,0.145000,0.145000,0.145000,0.145000,0.145000,0.145000
118,0.145000,0.135000,0.135000,0.145000,0.145000,0.153000,0.145000,0.145000,0.153000,0.145000,0.145000,0.145000,0.114000,0.145000,0.145000,0.145000,0.145000,0.145000,0.145000,0.145000,0.145000,0.145000,0.145000
119,0.145000,0.135000,0.135000,0.145000,0.145000,0.153000,0.145000,0.145000,0.153000,0.145000,0.145000,0.145000,0.114000,0.145000,0.145000,0.145000,0.145000,0.145000,0.145000,0.145000,0.145000,0.145000,0.145000
120,0.145000,0.135000,0.135000,0.145000,0.145000,0.153000,0.145000,0.145000,0.153000,0.145000,0.145000,0.145000,0.114000,0.145000,0.145000,0.145000,0.145000,0.145000,0.145000,0.145000,0.145000,0.145000,0.145000
121,0.145000,0.135000,0.135000,0.145000,0.145000,0.153000,0.145000,0.145000,0.153000,0.145000,0.145000,0.145000,0.114000,0.145000,0.145000,0.145000,0.145000,0.145000,0.145000,0.145000,0.145000,0.145000,0.145000
122,0.145000,0.135000,0.135000,0.145000,0.145000,0.153000,0.145000,0.145000,0.153000,0.145000,0.145000,0.145000,0.114000,0.145000,0.145000,0.145000,0.145000,0.145000,0.145000,0.145000,0.145000,0.145000,0.145000
123,0.145000,0.135000,0.135000,0.145000,0.145000,0.153000,0.145000,0.145000,0.153000,0.145000,0.145000,0.145000,0.114000,0.145000,0.145000,0.145000,0.145000,0.145000,0.145000,0.145000,0.145000,0.145000,0.145000
124,0.145000,0.135000,0.135000,0.145000,0.145000,0.153000,0.145000,0.145000,0.153000,0.145000,0.145000,0.145000,0.114000,0.145000,0.145000,0.145000,0.145000,0.145000,0.145000,0.145000,0.145000,0.145000,0.145000
125,0.145000,0.135000,0.135000,0.145000,0.145000,0.153000,0.145000,0.145000,0.153000,0.145000,0.145000,0.145000,0.114000,0.145000,0.145000,0.145000,0.145000,0.145000,0.145000,0.145000,0.145000,0.145000,0.145000
126,0.145000,0.135000,0.135000,0.145000,0.145000,0.153000,0.145000,0.145000,0.153000,0.145000,0.145000,0.145000,0.114000,0.145000,0.145000,0.145000,0.145000,0.145000,0.145000,0.145000,0.145000,0.145000,0.145000
127,0.145000,0.135000,0.135000,0.145000,0.145000,0.153000,0.145000,0.145000,0.153000,0.145000,0.145000,0.145000,0.114000,0.145000,0.145000,0.145000,0.145000,0.145000,0.145000,0.145000,0.145000,0.145000,0.145000
128,0.145000,0.135000,0.135000,0.145000,0.145000,0.153000,0.145000,0.145000,0.153000,0.145000,0.145000,0.145000,0.114000,0.145000,0.145000,0.145000,0.145000,0.145000,0.145000,0.145000,0.145000,0.145000,0.145000
129,0.145000,0.135000,0.135000,0.145000,0.145000,0.153000,0.145000,0.145000,0.153000,0.145000,0.145000,0.145000,0.114000,0.145000,0.145000,0.145000,0.145000,0.145000,0.145000,0.145000,0.145000,0.145000,0.145000
130,0.145000,0.135000,0.135000,0.145000,0.145000,0.153000,0.145000,0.145000,0.153000,0.145000,0.145000,0.145000,0.114000,0.145000,0.145000,0.145000,0.145000,0.145000,0.145000,0.145000,0.145000,0.145000,0.145000
131,0.145000,0.135000,0.135000,0.145000,0.145000,0.153000,0.145000,0.145000,0.153000,0.145000,0.145000,0.145000,0.114000,0.145000,0.145000,0.145000,0.145000,0.145000,0.145000,0.145000,0.145000,0.145000,0.145000
132,0.145000,0.135000,0.135000,0.145000,0.145000,0.153000,0.145000,0.145000,0.153000,0.145000,0.145000,0.145000,0.114000,0.145000,0.145000,0.145000,0.145000,0.145000,0.145000,0.145000,0.145000,0.145000,0.145000
133,0.145000,0.135000,0.135000,0.145000,0.145000,0.153000,0.145000,0.145000,0.153000,0.145000,0.145000,0.145000,0.114000,0.145000,0.145000,0.145000,0.145000,0.145000,0.145000,0.145000,0.145000,0.145000,0.145000
134,0.145000,0.135000,0.135000,0.145000,0.145000,0.153000,0.145000,0.145000,0.153000,0.145000,0.145000,0.145000,0.114000,0.145000,0.145000,0.145000,0.145000,0.145000,0.145000,0.145000,0.145000,0.145000,0.145000
135,0.145000,0.135000,0.135000,0.145000,0.145000,0.153000,0.145000,0.145000,0.153000,0.145000,0.145000,0.145000,0.114000,0.145000,0.145000,0.145000,0.145000,0.145000,0.145000,0.145000,0.145000,0.145000,0.145000
136,0.145000,0.135000,0.135000,0.145000,0.145000,0.153000,0.145000,0.145000,0.153000,0.145000,0.145000,0.145000,0.114000,0.145000,0.145000,0.145000,0.145000,0.145000,0.145000,0.145000,0.145000,0.145000,0.145000
137,0.145000,0.135000,0.135000,0.145000,0.145000,0.153000,0.145000,0.145000,0.153000,0.145000,0.145000,0.145000,0.114000,0.145000,0.145000,0.145000,0.145000,0.145000,0.145000,0.145000,0.145000,0.145000,0.145000
138,0.145000,0.135000,0.135000,0.145000,0.145000,0.153000,0.145000,0.145000,0.153000,0.145000,0.145000,0.145000,0.114000,0.145000,0.145000,0.145000,0.145000,0.145000,0.145000,0.145000,0.145000,0.145000,0.145000
139,0.145000,0.135000,0.135000,0.145000,0.145000,0.153000,0.145000,0.145000,0.153000,0.145000,0.145000,0.145000,0.114000,0.145000,0.145000,0.145000,0.145000,0.145000,0.145000,0.145000,0.145000,0.145000,0.145000
140,0.145000,0.135000,0.135000,0.145000,0.145000,0.153000,0.145000,0.145000,0.153000,0.145000,0.145000,0.145000,0.114000,0.145000,0.145000,0.145000,0.145000,0.145000,0.145000,0.145000,0.145000,0.145000,0.145000
141,0.145000,0.135000,0.135000,0.145000,0.145000,0.153000,0.145000,0.145000,0.153000,0.145000,0.145000,0.145000,0.114000,0.145000,0.145000,0.145000,0.145000,0.145000,0.145000,0.145000,0.145000,0.145000,0.145000
142,0.145000,0.135000,0.135000,0.145000,0.145000,0.153000,0.145000,0.145000,0.153000,0.145000,0.145000,0.145000,0.114000,0.145000,0.145000,0.145000,0.145000,0.145000,0.145000,0.145000,0.145000,0.145000,0.145000
143,0.145000,0.135000,0.135000,0.145000,0.145000,0.153000,0.145000,0.145000,0.153000,0.145000,0.145000,0.145000,0.114000,0.145000,0.145000,0.145000,0.145000,0.145000,0.145000,0.145000,0.145000,0.145000,0.145000
144,0.145000,0.135000,0.135000,0.145000,0.145000,0.153000,0.145000,0.145000,0.153000,0.145000,0.145000,0.145000,0.114000,0.145000,0.145000,0.145000,0.145000,0.145000,0.145000,0.145000,0.145000,0.145000,0.145000
145,0.145000,0.135000,0.135000,0.145000,0.145000,0.153000,0.145000,0.145000,0.153000,0.145000,0.145000,0.145000,0.114000,0.145000,0.145000,0.145000,0.145000,0.145000,0.145000,0.145000,0.145000,0.145000,0.145000
146,0.145000,0.135000,0.135000,0.145000,0.145000,0.153000,0.145000,0.145000,0.153000,0.145000,0.145000,0.145000,0.114000,0.145000,0.145000,0.145000,0.145000,0.145000,0.145000,0.145000,0.145000,0.145000,0.145000
147,0.145000,0.135000,0.135000,0.145000,0.145000,0.153000,0.145000,0.145000,0.153000,0.145000,0.145000,0.145000,0.114000,0.145000,0.145000,0.145000,0.145000,0.145000,0.145000,0.145000,0.145000,0.145000,0.145000
148,0.145000,0.135000,0.135000,0.145000,0.145000,0.153000,0.145000,0.145000,0.153000,0.145000,0.145000,0.145000,0.114000,0.145000,0.145000,0.145000,0.145000,0.145000,0.145000,0.145000,0.145000,0.145000,0.145000
149,0.145000,0.135000,0.135000,0.145000,0.145000,0.153000,0.145000,0.145000,0.153000,0.145000,0.145000,0.145000,0.114000,0.145000,0.145000,0.145000,0.145000,0.145000,0.145000,0.145000,0.145000,0.145000,0.145000
150,0.145000,0.135000,0.135000,0.145000,0.145000,0.153000,0.145000,0.145000,0.153000,0.145000,0.145000,0.145000,0.114000,0.145000,0.145000,0.145000,0.145000,0.145000,0.145000,0.145000,0.145000,0.145000,0.145000
151,0.145000,0.135000,0.135000,0.145000,0.145000,0.153000,0.145000,0.145000,0.153000,0.145000,0.145000,0.145000,0.114000,0.145000,0.145000,0.145000,0.145000,0.145000,0.145000,0.145000,0.145000,0.145000,0.145000
152,0.145000,0.135000,0.135000,0.145000,0.145000,0.153000,0.145000,0.145000,0.153000,0.145000,0.145000,0.145000,0.114000,0.145000,0.145000,0.145000,0.145000,0.145000,0.145000,0.145000,0.145000,0.145000,0.145000
153,0.145000,0.135000,0.135000,0.145000,0.145000,0.153000,0.145000,0.145000,0.153000,0.145000,0.145000,0.145000,0.114000,0.145000,0.145000,0.145000,0.145000,0.145000,0.145000,0.145000,0.145000,0.145000,0.145000
154,0.145000,0.135000,0.135000,0.145000,0.145000,0.153000,0.145000,0.145000,0.153000,0.145000,0.145000,0.145000,0.114000,0.145000,0.145000,0.145000,0.145000,0.145000,0.145000,0.145000,0.145000,0.145000,0.145000
155,0.145000,0.135000,0.135000,0.145000,0.145000,0.153000,0.145000,0.145000,0.153000,0.145000,0.145000,0.145000,0.114000,0.145000,0.145000,0.145000,0.145000,0.145000,0.145000,0.145000,0.145000,0.145000,0.145000
156,0.145000,0.135000,0.135000,0.145000,0.145000,0.153000,0.145000,0.145000,0.153000,0.145000,0.145000,0.145000,0.114000,0.145000,0.145000,0.145000,0.145000,0.145000,0.145000,0.145000,0.145000,0.145000,0.145000
157,0.145000,0.135000,0.135000,0.145000,0.145000,0.153000,0.145000,0.145000,0.153000,0.145000,0.145000,0.145000,0.114000,0.145000,0.145000,0.145000,0.145000,0.145000,0.145000,0.145000,0.145000,0.145000,0.145000
158,0.145000,0.135000,0.135000,0.145000,0.145000,0.153000,0.145000,0.145000,0.153000,0.145000,0.145000,0.145000,0.114000,0.145000,0.145000,0.145000,0.145000,0.145000,0.145000,0.145000,0.145000,0.145000,0.145000
159,0.145000,0.135000,0.135000,0.145000,0.145000,0.153000,0.145000,0.145000,0.153000,0.145000,0.145000,0.145000,0.114000,0.145000,0.145000,0.145000,0.145000,0.145000,0.145000,0.145000,0.145000,0.145000,0.145000
160,0.145000,0.135000,0.135000,0.145000,0.145000,0.153000,0.145000,0.145000,0.153000,0.145000,0.145000,0.145000,0.114000,0.145000,0.145000,0.145000,0.145000,0.145000,0.145000,0.145000,0.145000,0.145000,0.145000
161,0.145000,0.135000,0.135000,0.145000,0.145000,0.153000,0.145000,0.145000,0.153000,0.145000,0.145000,0.145000,0.114000,0.145000,0.145000,0.145000,0.145000,0.145000,0.145000,0.145000,0.145000,0.145000,0.145000
162,0.145000,0.135000,0.135000,0.145000,0.145000,0.153000,0.145000,0.145000,0.153000,0.145000,0.145000,0.145000,0.114000,0.145000,0.145000,0.145000,0.145000,0.145000,0.145000,0.145000,0.145000,0.145000,0.145000
163,0.145000,0.135000,0.135000,0.145000,0.145000,0.153000,0.145000,0.145000,0.153000,0.145000,0.145000,0.145000,0.114000,0.145000,0.145000,0.145000,0.145000,0.145000,0.145000,0.145000,0.145000,0.145000,0.145000
164,0.145000,0.135000,0.135000,0.145000,0.145000,0.153000,0.145000,0.145000,0.153000,0.145000,0.145000,0.145000,0.114000,0.145000,0.145000,0.145000,0.145000,0.145000,0.145000,0.145000,0.145000,0.145000,0.145000
165,0.145000,0.135000,0.135000,0.145000,0.145000,0.153000,0.145000,0.145000,0.153000,0.145000,0.145000,0.145000,0.114000,0.145000,0.145000,0.145000,0.145000,0.145000,0.145000,0.145000,0.145000,0.145000,0.145000
166,0.145000,0.135000,0.135000,0.145000,0.145000,0.153000,0.145000,0.145000,0.153000,0.145000,0.145000,0.145000,0.114000,0.145000,0.145000,0.145000,0.145000,0.145000,0.145000,0.145000,0.145000,0.145000,0.145000
167,0.145000,0.135000,0.135000,0.145000,0.145000,0.153000,0.145000,0.145000,0.153000,0.145000,0.145000,0.145000,0.114000,0.145000,0.145000,0.145000,0.145000,0.145000,0.145000,0.145000,0.145000,0.145000,0.145000
168,0.145000,0.135000,0.135000,0.145000,0.145000,0.153000,0.145000,0.145000,0.153000,0.145000,0.145000,0.145000,0.114000,0.145000,0.145000,0.145000,0.145000,0.145000,0.145000,0.145000,0.145000,0.145000,0.145000
169,0.145000,0.135000,0.135000,0.145000,0.145000,0.153000,0.145000,0.145000,0.153000,0.145000,0.145000,0.145000,0.114000,0.145000,0.145000,0.145000,0.145000,0.145000,0.145000,0.145000,0.145000,0.145000,0.145000
170,0.145000,0.135000,0.135000,0.145000,0.145000,0.153000,0.145000,0.145000,0.153000,0.145000,0.145000,0.145000,0.114000,0.145000,0.145000,0.145000,0.145000,0.145000,0.145000,0.145000,0.145000,0.145000,0.145000
171,0.145000,0.135000,0.135000,0.145000,0.145000,0.153000,0.145000,0.145000,0.153000,0.145000,0.145000,0.145000,0.114000,0.145000,0.145000,0.145000,0.145000,0.145000,0.145000,0.145000,0.145000,0.145000,0.145000
172,0.145000,0.135000,0.135000,0.145000,0.145000,0.153000,0.145000,0.145000,0.153000,0.145000,0.145000,0.145000,0.114000,0.145000,0.145000,0.145000,0.145000,0.145000,0.145000,0.145000,0.145000,0.145000,0.145000
173,0.145000,0.135000,0.135000,0.145000,0.145000,0.153000,0.145000,0.145000,0.153000,0.145000,0.145000,0.145000,0.114000,0.145000,0.145000,0.145000,0.145000,0.145000,0.145000,0.145000,0.145000,0.145000,0.145000
174,0.145000,0.135000,0.135000,0.145000,0.145000,0.153000,0.145000,0.145000,0.153000,0.145000,0.145000,0.145000,0.114000,0.145000,0.145000,0.145000,0.145000,0.145000,0.145000,0.145000,0.145000,0.145000,0.145000
175,0.145000,0.135000,0.135000,0.145000,0.145000,0.153000,0.145000,0.145000,0.153000,0.145000,0.145000,0.145000,0.114000,0.145000,0.145000,0.145000,0.145000,0.145000,0.145000,0.145000,0.145000,0.145000,0.145000
176,0.145000,0.135000,0.135000,0.145000,0.145000,0.153000,0.145000,0.145000,0.153000,0.145000,0.145000,0.145000,0.114000,0.145000,0.145000,0.145000,0.145000,0.145000,0.145000,0.145000,0.145000,0.145000,0.145000
177,0.145000,0.135000,0.135000,0.145000,0.145000,0.153000,0.145000,0.145000,0.153000,0.145000,0.145000,0.145000,0.114000,0.145000,0.145000,0.145000,0.145000,0.145000,0.145000,0.145000,0.145000,0.145000,0.145000
178,0.145000,0.135000,0.135000,0.145000,0.145000,0.153000,0.145000,0.145000,0.153000,0.145000,0.145000,0.145000,0.114000,0.145000,0.145000,0.145000,0.145000,0.145000,0.145000,0.145000,0.145000,0.145000,0.145000
179,0.145000,0.135000,0.135000,0.145000,0.145000,0.153000,0.145000,0.145000,0.153000,0.145000,0.145000,0.145000,0.114000,0.145000,0.145000,0.145000,0.145000,0.145000,0.145000,0.145000,0.145000,0.145000,0.145000
180,0.145000,0.135000,0.135000,0.145000,0.145000,0.153000,0.145000,0.145000,0.153000,0.145000,0.145000,0.145000,0.114000,0.145000,0.145000,0.145000,0.145000,0.145000,0.145000,0.145000,0.145000,0.145000,0.145000
181,0.145000,0.135000,0.135000,0.145000,0.145000,0.153000,0.145000,0.145000,0.153000,0.145000,0.145000,0.145000,0.114000,0.145000,0.145000,0.145000,0.145000,0.145000,0.145000,0.145000,0.145000,0.145000,0.145000
182,0.145000,0.135000,0.135000,0.145000,0.145000,0.153000,0.145000,0.145000,0.153000,0.145000,0.145000,0.145000,0.114000,0.145000,0.145000,0.145000,0.145000,0.145000,0.145000,0.145000,0.145000,0.145000,0.145000
183,0.145000,0.135000,0.135000,0.145000,0.145000,0.153000,0.145000,0.145000,0.153000,0.145000,0.145000,0.145000,0.114000,0.145000,0.145000,0.145000,0.145000,0.145000,0.145000,0.145000,0.145000,0.145000,0.145000
184,0.145000,0.135000,0.135000,0.145000,0.145000,0.153000,0.145000,0.145000,0.153000,0.145000,0.145000,0.145000,0.114000,0.145000,0.145000,0.145000,0.145000,0.145000,0.145000,0.145000,0.145000,0.145000,0.145000
185,0.145000,0.135000,0.135000,0.145000,0.145000,0.153000,0.145000,0.145000,0.153000,0.145000,0.145000,0.145000,0.135000,0.145000,0.145000,0.145000,0.145000,0.145000,0.145000,0.145000,0.145000,0.145000,0.145000
186,0.145000,0.135000,0.135000,0.145000,0.145000,0.153000,0.145000,0.145000,0.153000,0.145000,0.145000,0.145000,0.114000,0.145000,0.145000,0.145000,0.145000,0.145000,0.145000,0.145000,0.145000,0.145000,0.145000
187,0.145000,0.135000,0.135000,0.145000,0.145000,0.153000,0.145000,0.145000,0.153000,0.145000,0.145000,0.145000,0.135000,0.145000,0.145000,0.145000,0.145000,0.145000,0.145000,0.145000,0.145000,0.145000,0.145000
188,0.145000,0.135000,0.135000,0.145000,0.145000,0.153000,0.145000,0.145000,0.153000,0.145000,0.145000,0.145000,0.114000,0.145000,0.145000,0.145000,0.145000,0.145000,0.145000,0.145000,0.145000,0.145000,0.145000
189,0.145000,0.135000,0.135000,0.145000,0.145000,0.153000,0.145000,0.145000,0.153000,0.145000,0.145000,0.145000,0.135000,0.145000,0.145000,0.145000,0.145000,0.145000,0.145000,0.145000,0.145000,0.145000,0.145000
190,0.145000,0.135000,0.135000,0.145000,0.145000,0.153000,0.145000,0.145000,0.153000,0.145000,0.145000,0.145000,0.135000,0.145000,0.145000,0.145000,0.145000,0.145000,0.145000,0.145000,0.145000,0.145000,0.145000
191,0.145000,0.135000,0.135000,0.145000,0.145000,0.153000,0.145000,0.145000,0.153000,0.145000,0.145000,0.145000,0.135000,0.145000,0.145000,0.145000,0.145000,0.145000,0.145000,0.145000,0.145000,0.145000,0.145000
192,0.145000,0.135000,0.135000,0.145000,0.145000,0.153000,0.145000,0.145000,0.153000,0.145000,0.145000,0.145000,0.135000,0.145000,0.145000,0.145000,0.145000,0.145000,0.145000,0.145000,0.145000,0.145000,0.145000
193,0.145000,0.135000,0.135000,0.145000,0.145000,0.153000,0.145000,0.145000,0.153000,0.145000,0.145000,0.145000,0.135000,0.145000,0.145000,0.145000,0.145000,0.145000,0.145000,0.145000,0.145000,0.145000,0.145000
194,0.145000,0.135000,0.135000,0.145000,0.145000,0.153000,0.145000,0.145000,0.153000,0.145000,0.145000,0.145000,0.135000,0.145000,0.145000,0.145000,0.145000,0.145000,0.145000,0.145000,0.145000,0.145000,0.145000
195,0.145000,0.135000,0.135000,0.145000,0.145000,0.153000,0.145000,0.145000,0.153000,0.145000,0.145000,0.145000,0.135000,0.145000,0.145000,0.145000,0.145000,0.145000,0.145000,0.145000,0.145000,0.145000,0.145000
196,0.145000,0.135000,0.135000,0.145000,0.145000,0.153000,0.145000,0.145000,0.153000,0.145000,0.145000,0.145000,0.135000,0.145000,0.145000,0.145000,0.145000,0.145000,0.145000,0.145000,0.145000,0.145000,0.145000
197,0.145000,0.135000,0.135000,0.145000,0.145000,0.153000,0.145000,0.145000,0.153000,0.145000,0.145000,0.145000,0.135000,0.145000,0.145000,0.145000,0.145000,0.145000,0.145000,0.145000,0.145000,0.145000,0.145000
198,0.145000,0.135000,0.135000,0.145000,0.145000,0.153000,0.145000,0.145000,0.153000,0.145000,0.145000,0.145000,0.135000,0.145000,0.145000,0.145000,0.145000,0.145000,0.145000,0.145000,0.145000,0.145000,0.145000
199,0.145000,0.135000,0.135000,0.145000,0.145000,0.153000,0.145000,0.145000,0.153000,0.145000,0.145000,0.145000,0.135000,0.145000,0.145000,0.145000,0.145000,0.145000,0.145000,0.145000,0.145000,0.145000,0.145000
200,0.145000,0.135000,0.135000,0.145000,0.145000,0.153000,0.145000,0.145000,0.153000,0.145000,0.145000,0.145000,0.135000,0.145000,0.145000,0.145000,0.145000,0.145000,0.145000,0.145000,0.145000,0.145000,0.145000
201,0.145000,0.135000,0.135000,0.145000,0.145000,0.153000,0.145000,0.145000,0.153000,0.145000,0.145000,0.145000,0.135000,0.145000,0.145000,0.145000,0.145000,0.145000,0.145000,0.145000,0.145000,0.145000,0.145000
202,0.145000,0.135000,0.135000,0.145000,0.145000,0.153000,0.145000,0.145000,0.153000,0.145000,0.145000,0.145000,0.135000,0.145000,0.145000,0.145000,0.145000,0.145000,0.145000,0.145000,0.145000,0.145000,0.145000
203,0.145000,0.135000,0.135000,0.145000,0.145000,0.153000,0.145000,0.145000,0.153000,0.145000,0.145000,0.145000,0.135000,0.145000,0.145000,0.145000,0.145000,0.145000,0.145000,0.145000,0.145000,0.145000,0.145000
204,0.145000,0.135000,0.135000,0.145000,0.145000,0.153000,0.145000,0.145000,0.153000,0.145000,0.145000,0.145000,0.135000,0.145000,0.145000,0.145000,0.145000,0.145000,0.145000,0.145000,0.145000,0.145000,0.145000
205,0.145000,0.135000,0.135000,0.145000,0.145000,0.153000,0.145000,0.145000,0.153000,0.145000,0.145000,0.145000,0.135000,0.145000,0.145000,0.145000,0.145000,0.145000,0.145000,0.145000,0.145000,0.145000,0.145000
206,0.145000,0.135000,0.135000,0.145000,0.145000,0.153000,0.145000,0.145000,0.153000,0.145000,0.145000,0.145000,0.135000,0.145000,0.145000,0.145000,0.145000,0.145000,0.145000,0.145000,0.145000,0.145000,0.145000
207,0.145000,0.135000,0.135000,0.145000,0.145000,0.153000,0.145000,0.145000,0.153000,0.145000,0.145000,0.145000,0.135000,0.145000,0.145000,0.145000,0.145000,0.145000,0.145000,0.145000,0.145000,0.145000,0.145000
208,0.145000,0.135000,0.135000,0.145000,0.145000,0.153000,0.145000,0.145000,0.153000,0.145000,0.145000,0.145000,0.135000,0.145000,0.145000,0.145000,0.145000,0.145000,0.145000,0.145000,0.145000,0.145000,0.145000
209,0.145000,0.135000,0.135000,0.145000,0.145000,0.153000,0.145000,0.145000,0.153000,0.145000,0.145000,0.145000,0.135000,0.145000,0.145000,0.145000,0.145000,0.145000,0.145000,0.145000,0.145000,0.145000,0.145000
210,0.145000,0.135000,0.135000,0.145000,0.145000,0.153000,0.145000,0.145000,0.153000,0.145000,0.145000,0.145000,0.135000,0.145000,0.145000,0.145000,0.145000,0.145000,0.145000,0.145000,0.145000,0.145000,0.145000
211,0.145000,0.135000,0.135000,0.145000,0.145000,0.153000,0.145000,0.145000,0.153000,0.145000,0.145000,0.145000,0.135000,0.145000,0.145000,0.145000,0.145000,0.145000,0.145000,0.145000,0.145000,0.145000,0.145000
212,0.145000,0.135000,0.135000,0.145000,0.145000,0.153000,0.145000,0.145000,0.153000,0.145000,0.145000,0.145000,0.135000,0.145000,0.145000,0.145000,0.145000,0.145000,0.145000,0.145000,0.145000,0.145000,0.145000
213,0.145000,0.135000,0.135000,0.145000,0.145000,0.153000,0.145000,0.145000,0.153000,0.145000,0.145000,0.145000,0.135000,0.145000,0.145000,0.145000,0.145000,0.145000,0.145000,0.145000,0.145000,0.145000,0.145000
214,0.145000,0.135000,0.135000,0.145000,0.145000,0.153000,0.145000,0.145000,0.153000,0.145000,0.145000,0.145000,0.135000,0.145000,0.145000,0.145000,0.145000,0.145000,0.145000,0.145000,0.145000,0.145000,0.145000
215,0.145000,0.135000,0.135000,0.145000,0.145000,0.153000,0.145000,0.145000,0.153000,0.145000,0.145000,0.145000,0.135000,0.145000,0.145000,0.145000,0.145000,0.145000,0.145000,0.145000,0.145000,0.145000,0.145000
216,0.145000,0.135000,0.135000,0.145000,0.145000,0.153000,0.145000,0.145000,0.153000,0.145000,0.145000,0.145000,0.135000,0.145000,0.145000,0.145000,0.145000,0.145000,0.145000,0.145000,0.145000,0.145000,0.145000
217,0.145000,0.135000,0.135000,0.145000,0.145000,0.153000,0.145000,0.145000,0.153000,0.145000,0.145000,0.145000,0.135000,0.145000,0.145000,0.145000,0.145000,0.145000,0.145000,0.145000,0.145000,0.145000,0.145000
218,0.145000,0.135000,0.135000,0.145000,0.145000,0.153000,0.145000,0.145000,0.153000,0.145000,0.145000,0.145000,0.135000,0.145000,0.145000,0.145000,0.145000,0.145000,0.145000,0.145000,0.145000,0.145000,0.145000
219,0.145000,0.135000,0.135000,0.145000,0.145000,0.153000,0.145000,0.145000,0.153000,0.145000,0.145000,0.145000,0.135000,0.145000,0.145000,0.145000,0.145000,0.145000,0.145000,0.145000,0.145000,0.145000,0.145000
220,0.145000,0.135000,0.135000,0.145000,0.145000,0.153000,0.145000,0.145000,0.153000,0.145000,0.145000,0.145000,0.135000,0.145000,0.145000,0.145000,0.145000,0.145000,0.145000,0.145000,0.145000,0.145000,0.145000
221,0.145000,0.135000,0.135000,0.145000,0.145000,0.153000,0.145000,0.145000,0.153000,0.145000,0.145000,0.145000,0.135000,0.145000,0.145000,0.145000,0.145000,0.145000,0.145000,0.145000,0.145000,0.145000,0.145000
222,0.145000,0.135000,0.135000,0.145000,0.145000,0.153000,0.145000,0.145000,0.153000,0.145000,0.145000,0.145000,0.135000,0.145000,0.145000,0.145000,0.145000,0.145000,0.145000,0.145000,0.145000,0.145000,0.145000
223,0.145000,0.135000,0.135000,0.145000,0.145000,0.153000,0.145000,0.145000,0.153000,0.145000,0.145000,0.145000,0.135000,0.145000,0.145000,0.145000,0.145000,0.145000,0.145000,0.145000,0.145000,0.145000,0.145000
224,0.145000,0.135000,0.135000,0.145000,0.145000,0.153000,0.145000,0.145000,0.153000,0.145000,0.145000,0.145000,0.135000,0.145000,0.145000,0.145000,0.145000,0.145000,0.145000,0.145000,0.145000,0.145000,0.145000
225,0.145000,0.135000,0.135000,0.145000,0.145000,0.153000,0.145000,0.145000,0.153000,0.145000,0.145000,0.145000,0.135000,0.145000,0.145000,0.145000,0.145000,0.145000,0.145000,0.145000,0.145000,0.145000,0.145000
226,0.145000,0.135000,0.135000,0.145000,0.145000,0.153000,0.145000,0.145000,0.153000,0.145000,0.145000,0.145000,0.135000,0.145000,0.145000,0.145000,0.145000,0.145000,0.145000,0.145000,0.145000,0.145000,0.145000
227,0.145000,0.135000,0.135000,0.145000,0.145000,0.153000,0.145000,0.145000,0.153000,0.145000,0.145000,0.145000,0.135000,0.145000,0.145000,0.145000,0.145000,0.145000,0.145000,0.145000,0.145000,0.145000,0.145000
228,0.145000,0.135000,0.135000,0.145000,0.145000,0.153000,0.145000,0.145000,0.153000,0.145000,0.145000,0.145000,0.135000,0.145000,0.145000,0.145000,0.145000,0.145000,0.145000,0.145000,0.145000,0.145000,0.145000
229,0.145000,0.135000,0.135000,0.145000,0.145000,0.153000,0.145000,0.145000,0.153000,0.145000,0.145000,0.145000,0.135000,0.145000,0.145000,0.145000,0.145000,0.145000,0.145000,0.145000,0.145000,0.145000,0.145000
230,0.145000,0.135000,0.135000,0.145000,0.145000,0.153000,0.145000,0.145000,0.153000,0.145000,0.145000,0.145000,0.135000,0.145000,0.145000,0.145000,0.145000,0.145000,0.145000,0.145000,0.145000,0.145000,0.145000
231,0.145000,0.135000,0.135000,0.145000,0.145000,0.153000,0.145000,0.145000,0.153000,0.145000,0.145000,0.145000,0.135000,0.145000,0.145000,0.145000,0.145000,0.145000,0.145000,0.145000,0.145000,0.145000,0.145000
232,0.145000,0.135000,0.135000,0.145000,0.145000,0.153000,0.145000,0.145000,0.153000,0.145000,0.145000,0.145000,0.135000,0.145000,0.145000,0.145000,0.145000,0.145000,0.145000,0.145000,0.145000,0.145000,0.145000
233,0.145000,0.135000,0.135000,0.145000,0.145000,0.153000,0.145000,0.145000,0.153000,0.145000,0.145000,0.145000,0.135000,0.145000,0.145000,0.145000,0.145000,0.145000,0.145000,0.145000,0.145000,0.145000,0.145000
234,0.145000,0.135000,0.135000,0.145000,0.145000,0.153000,0.145000,0.145000,0.153000,0.145000,0.145000,0.145000,0.135000,0.145000,0.145000,0.145000,0.145000,0.145000,0.145000,0.145000,0.145000,0.145000,0.145000
235,0.145000,0.135000,0.135000,0.145000,0.145000,0.153000,0.145000,0.145000,0.153000,0.145000,0.145000,0.145000,0.135000,0.145000,0.145000,0.145000,0.145000,0.145000,0.145000,0.145000,0.145000,0.145000,0.145000
236,0.145000,0.135000,0.135000,0.145000,0.145000,0.153000,0.145000,0.145000,0.153000,0.145000,0.145000,0.145000,0.135000,0.145000,0.145000,0.145000,0.145000,0.145000,0.145000,0.145000,0.145000,0.145000,0.145000
237,0.145000,0.135000,0.135000,0.145000,0.145000,0.153000,0.145000,0.145000,0.153000,0.145000,0.145000,0.145000,0.135000,0.145000,0.145000,0.145000,0.145000,0.145000,0.145000,0.145000,0.145000,0.145000,0.145000
238,0.145000,0.135000,0.135000,0.145000,0.145000,0.153000,0.145000,0.145000,0.153000,0.145000,0.145000,0.145000,0.135000,0.145000,0.145000,0.145000,0.145000,0.145000,0.145000,0.145000,0.145000,0.145000,0.145000
239,0.145000,0.135000,0.135000,0.145000,0.145000,0.153000,0.145000,0.145000,0.153000,0.145000,0.145000,0.145000,0.135000,0.145000,0.145000,0.145000,0.145000,0.145000,0.145000,0.145000,0.145000,0.145000,0.145000
240,0.145000,0.135000,0.135000,0.145000,0.145000,0.153000,0.145000,0.145000,0.153000,0.145000,0.145000,0.145000,0.135000,0.145000,0.145000,0.145000,0.145000,0.145000,0.145000,0.145000,0.145000,0.145000,0.145000
241,0.145000,0.135000,0.135000,0.145000,0.145000,0.153000,0.145000,0.145000,0.153000,0.145000,0.145000,0.145000,0.135000,0.145000,0.145000,0.145000,0.145000,0.145000,0.145000,0.145000,0.145000,0.145000,0.145000
242,0.145000,0.135000,0.135000,0.145000,0.145000,0.153000,0.145000,0.145000,0.153000,0.145000,0.145000,0.145000,0.135000,0.145000,0.145000,0.145000,0.145000,0.145000,0.145000,0.145000,0.145000,0.145000,0.145000
243,0.145000,0.135000,0.135000,0.145000,0.145000,0.153000,0.145000,0.145000,0.153000,0.145000,0.145000,0.145000,0.135000,0.145000,0.145000,0.145000,0.145000,0.145000,0.145000,0.145000,0.145000,0.145000,0.145000
244,0.145000,0.135000,0.135000,0.145000,0.145000,0.153000,0.145000,0.145000,0.153000,0.145000,0.145000,0.145000,0.135000,0.145000,0.145000,0.145000,0.145000,0.145000,0.145000,0.145000,0.145000,0.145000,0.145000
245,0.145000,0.135000,0.135000,0.145000,0.145000,0.153000,0.145000,0.145000,0.153000,0.145000,0.145000,0.145000,0.135000,0.145000,0.145000,0.145000,0.145000,0.145000,0.145000,0.145000,0.145000,0.145000,0.145000
246,0.145000,0.135000,0.135000,0.145000,0.145000,0.153000,0.145000,0.145000,0.153000,0.145000,0.145000,0.145000,0.135000,0.145000,0.145000,0.145000,0.145000,0.145000,0.145000,0.145000,0.145000,0.145000,0.145000
247,0.145000,0.135000,0.135000,0.145000,0.145000,0.153000,0.145000,0.145000,0.153000,0.145000,0.145000,0.145000,0.135000,0.145000,0.145000,0.145000,0.145000,0.145000,0.145000,0.145000,0.145000,0.145000,0.145000
248,0.145000,0.135000,0.135000,0.145000,0.145000,0.153000,0.145000,0.145000,0.153000,0.145000,0.145000,0.145000,0.135000,0.145000,0.145000,0.145000,0.145000,0.145000,0.145000,0.145000,0.145000,0.145000,0.145000
249,0.145000,0.135000,0.135000,0.145000,0.145000,0.153000,0.145000,0.145000,0.153000,0.145000,0.145000,0.145000,0.135000,0.145000,0.145000,0.145000,0.145000,0.145000,0.145000,0.145000,0.145000,0.145000,0.145000
250,0.145000,0.135000,0.135000,0.145000,0.145000,0.153000,0.145000,0.145000,0.153000,0.145000,0.145000,0.145000,0.135000,0.145000,0.145000,0.145000,0.145000,0.145000,0.145000,0.145000,0.145000,0.145000,0.145000
251,0.145000,0.135000,0.135000,0.145000,0.145000,0.153000,0.145000,0.145000,0.153000,0.145000,0.145000,0.145000,0.135000,0.145000,0.145000,0.145000,0.145000,0.145000,0.145000,0.145000,0.145000,0.145000,0.145000
252,0.145000,0.135000,0.135000,0.145000,0.145000,0.153000,0.145000,0.145000,0.153000,0.145000,0.145000,0.145000,0.135000,0.145000,0.145000,0.145000,0.145000,0.145000,0.145000,0.145000,0.145000,0.145000,0.145000
253,0.145000,0.135000,0.135000,0.145000,0.145000,0.153000,0.145000,0.145000,0.153000,0.145000,0.145000,0.145000,0.135000,0.145000,0.145000,0.145000,0.145000,0.145000,0.145000,0.145000,0.145000,0.145000,0.145000
254,0.145000,0.135000,0.135000,0.145000,0.145000,0.153000,0.145000,0.145000,0.153000,0.145000,0.145000,0.145000,0.135000,0.145000,0.145000,0.145000,0.145000,0.145000,0.145000,0.145000,0.145000,0.145000,0.145000
255,0.145000,0.135000,0.135000,0.145000,0.145000,0.153000,0.145000,0.145000,0.153000,0.145000,0.145000,0.145000,0.135000,0.145000,0.145000,0.145000,0.145000,0.145000,0.145000,0.145000,0.145000,0.145000,0.145000
256,0.145000,0.135000,0.135000,0.145000,0.145000,0.153000,0.145000,0.145000,0.153000,0.145000,0.145000,0.145000,0.135000,0.145000,0.145000,0.145000,0.145000,0.145000,0.145000,0.145000,0.145000,0.145000,0.145000
257,0.145000,0.135000,0.135000,0.145000,0.145000,0.153000,0.145000,0.145000,0.153000,0.145000,0.145000,0.145000,0.135000,0.145000,0.145000,0.145000,0.145000,0.145000,0.145000,0.145000,0.145000,0.145000,0.145000
258,0.145000,0.135000,0.135000,0.145000,0.145000,0.153000,0.145000,0.145000,0.153000,0.145000,0.145000,0.145000,0.135000,0.145000,0.145000,0.145000,0.145000,0.145000,0.145000,0.145000,0.145000,0.145000,0.145000
259,0.145000,0.135000,0.135000,0.145000,0.145000,0.153000,0.145000,0.145000,0.153000,0.145000,0.145000,0.145000,0.135000,0.145000,0.145000,0.145000,0.145000,0.145000,0.145000,0.145000,0.145000,0.145000,0.145000
260,0.145000,0.135000,0.135000,0.145000,0.145000,0.153000,0.145000,0.145000,0.153000,0.145000,0.145000,0.145000,0.135000,0.145000,0.145000,0.145000,0.145000,0.145000,0.145000,0.145000,0.145000,0.145000,0.145000
261,0.145000,0.135000,0.135000,0.145000,0.145000,0.153000,0.145000,0.145000,0.153000,0.145000,0.145000,0.145000,0.135000,0.145000,0.145000,0.145000,0.145000,0.145000,0.145000,0.145000,0.145000,0.145000,0.145000
262,0.145000,0.135000,0.135000,0.145000,0.145000,0.153000,0.145000,0.145000,0.153000,0.145000,0.145000,0.145000,0.135000,0.145000,0.145000,0.145000,0.145000,0.145000,0.145000,0.145000,0.145000,0.145000,0.145000
263,0.145000,0.135000,0.135000,0.145000,0.145000,0.153000,0.145000,0.145000,0.153000,0.145000,0.145000,0.145000,0.135000,0.145000,0.145000,0.145000,0.145000,0.145000,0.145000,0.145000,0.145000,0.145000,0.145000
264,0.145000,0.135000,0.135000,0.145000,0.145000,0.153000,0.145000,0.145000,0.153000,0.145000,0.145000,0.145000,0.135000,0.145000,0.145000,0.145000,0.145000,0.145000,0.145000,0.145000,0.145000,0.145000,0.145000
265,0.145000,0.135000,0.135000,0.145000,0.145000,0.153000,0.145000,0.145000,0.153000,0.145000,0.145000,0.145000,0.135000,0.145000,0.145000,0.145000,0.145000,0.145000,0.145000,0.145000,0.145000,0.145000,0.145000
266,0.145000,0.135000,0.135000,0.145000,0.145000,0.153000,0.145000,0.145000,0.153000,0.145000,0.145000,0.145000,0.135000,0.145000,0.145000,0.145000,0.145000,0.145000,0.145000,0.145000,0.145000,0.145000,0.145000
267,0.145000,0.135000,0.135000,0.145000,0.145000,0.153000,0.145000,0.145000,0.153000,0.145000,0.145000,0.145000,0.135000,0.145000,0.145000,0.145000,0.145000,0.145000,0.145000,0.145000,0.145000,0.145000,0.145000
268,0.145000,0.135000,0.135000,0.145000,0.145000,0.153000,0.145000,0.145000,0.153000,0.145000,0.145000,0.145000,0.135000,0.145000,0.145000,0.145000,0.145000,0.145000,0.145000,0.145000,0.145000,0.145000,0.145000
269,0.145000,0.135000,0.135000,0.145000,0.145000,0.153000,0.145000,0.145000,0.153000,0.145000,0.145000,0.145000,0.135000,0.145000,0.145000,0.145000,0.145000,0.145000,0.145000,0.145000,0.145000,0.145000,0.145000
270,0.145000,0.135000,0.135000,0.145000,0.145000,0.153000,0.145000,0.145000,0.153000,0.145000,0.145000,0.145000,0.135000,0.145000,0.145000,0.145000,0.145000,0.145000,0.145000,0.145000,0.145000,0.145000,0.145000
271,0.145000,0.135000,0.135000,0.145000,0.145000,0.153000,0.145000,0.145000,0.153000,0.145000,0.145000,0.145000,0.135000,0.145000,0.145000,0.145000,0.145000,0.145000,0.145000,0.145000,0.145000,0.145000,0.145000
272,0.145000,0.135000,0.135000,0.145000,0.145000,0.153000,0.145000,0.145000,0.153000,0.145000,0.145000,0.145000,0.135000,0.145000,0.145000,0.145000,0.145000,0.145000,0.145000,0.145000,0.145000,0.145000,0.145000
273,0.145000,0.135000,0.135000,0.145000,0.145000,0.153000,0.145000,0.145000,0.153000,0.145000,0.145000,0.145000,0.135000,0.145000,0.145000,0.145000,0.145000,0.145000,0.145000,0.145000,0.145000,0.145000,0.145000
274,0.145000,0.135000,0.135000,0.145000,0.145000,0.153000,0.145000,0.145000,0.153000,0.145000,0.145000,0.145000,0.135000,0.145000,0.145000,0.145000,0.145000,0.145000,0.145000,0.145000,0.145000,0.145000,0.145000
275,0.145000,0.135000,0.135000,0.145000,0.145000,0.153000,0.145000,0.145000,0.153000,0.145000,0.145000,0.145000,0.135000,0.145000,0.145000,0.145000,0.145000,0.145000,0.145000,0.145000,0.145000,0.145000,0.145000
276,0.145000,0.135000,0.135000,0.145000,0.145000,0.153000,0.145000,0.145000,0.153000,0.145000,0.145000,0.145000,0.135000,0.145000,0.145000,0.145000,0.145000,0.145000,0.145000,0.145000,0.145000,0.145000,0.145000
277,0.145000,0.135000,0.135000,0.145000,0.145000,0.153000,0.145000,0.145000,0.153000,0.145000,0.145000,0.145000,0.135000,0.145000,0.145000,0.145000,0.145000,0.145000,0.145000,0.145000,0.145000,0.145000,0.145000
278,0.145000,0.135000,0.135000,0.145000,0.145000,0.153000,0.145000,0.145000,0.153000,0.145000,0.145000,0.145000,0.135000,0.145000,0.145000,0.145000,0.145000,0.145000,0.145000,0.145000,0.145000,0.145000,0.145000
279,0.145000,0.135000,0.135000,0.145000,0.145000,0.153000,0.145000,0.145000,0.153000,0.145000,0.145000,0.145000,0.135000,0.145000,0.145000,0.145000,0.145000,0.145000,0.145000,0.145000,0.145000,0.145000,0.145000
280,0.145000,0.135000,0.135000,0.145000,0.145000,0.153000,0.145000,0.145000,0.153000,0.145000,0.145000,0.145000,0.135000,0.145000,0.145000,0.145000,0.145000,0.145000,0.145000,0.145000,0.145000,0.145000,0.145000
281,0.145000,0.135000,0.135000,0.145000,0.145000,0.153000,0.145000,0.145000,0.153000,0.145000,0.145000,0.145000,0.135000,0.145000,0.145000,0.145000,0.145000,0.145000,0.145000,0.145000,0.145000,0.145000,0.145000
282,0.145000,0.135000,0.135000,0.145000,0.145000,0.153000,0.145000,0.145000,0.153000,0.145000,0.145000,0.145000,0.135000,0.145000,0.145000,0.145000,0.145000,0.145000,0.145000,0.145000,0.145000,0.145000,0.145000
283,0.145000,0.135000,0.135000,0.145000,0.145000,0.153000,0.145000,0.145000,0.153000,0.145000,0.145000,0.145000,0.135000,0.145000,0.145000,0.145000,0.145000,0.145000,0.145000,0.145000,0.145000,0.145000,0.145000
284,0.145000,0.135000,0.135000,0.145000,0.145000,0.153000,0.145000,0.145000,0.153000,0.145000,0.145000,0.145000,0.135000,0.145000,0.145000,0.145000,0.145000,0.145000,0.145000,0.145000,0.145000,0.145000,0.145000
285,0.145000,0.135000,0.135000,0.145000,0.145000,0.153000,0.145000,0.145000,0.153000,0.145000,0.145000,0.145000,0.135000,0.145000,0.145000,0.145000,0.145000,0.145000,0.145000,0.145000,0.145000,0.145000,0.145000
286,0.145000,0.135000,0.135000,0.145000,0.145000,0.153000,0.145000,0.145000,0.153000,0.145000,0.145000,0.145000,0.135000,0.145000,0.145000,0.145000,0.145000,0.145000,0.145000,0.145000,0.145000,0.145000,0.145000
287,0.145000,0.135000,0.135000,0.145000,0.145000,0.153000,0.145000,0.145000,0.153000,0.145000,0.145000,0.145000,0.135000,0.145000,0.145000,0.145000,0.145000,0.145000,0.145000,0.145000,0.145000,0.145000,0.145000
288,0.145000,0.135000,0.135000,0.145000,0.145000,0.153000,0.145000,0.145000,0.153000,0.145000,0.145000,0.145000,0.135000,0.145000,0.145000,0.145000,0.145000,0.145000,0.145000,0.145000,0.145000,0.145000,0.145000
289,0.145000,0.135000,0.135000,0.145000,0.145000,0.153000,0.145000,0.145000,0.153000,0.145000,0.145000,0.145000,0.135000,0.145000,0.145000,0.145000,0.145000,0.145000,0.145000,0.145000,0.145000,0.145000,0.145000
290,0.145000,0.135000,0.135000,0.145000,0.145000,0.153000,0.145000,0.145000,0.153000,0.145000,0.145000,0.145000,0.135000,0.145000,0.145000,0.145000,0.145000,0.145000,0.145000,0.145000,0.145000,0.145000,0.145000
291,0.145000,0.135000,0.135000,0.145000,0.145000,0.153000,0.145000,0.145000,0.153000,0.145000,0.145000,0.145000,0.135000,0.145000,0.145000,0.145000,0.145000,0.145000,0.145000,0.145000,0.145000,0.145000,0.145000
292,0.145000,0.135000,0.135000,0.145000,0.145000,0.153000,0.145000,0.145000,0.153000,0.145000,0.145000,0.145000,0.135000,0.145000,0.145000,0.145000,0.145000,0.145000,0.145000,0.145000,0.145000,0.145000,0.145000
293,0.145000,0.135000,0.135000,0.145000,0.145000,0.153000,0.145000,0.145000,0.153000,0.145000,0.145000,0.145000,0.135000,0.145000,0.145000,0.145000,0.145000,0.145000,0.145000,0.145000,0.145000,0.145000,0.145000
294,0.145000,0.135000,0.135000,0.145000,0.145000,0.153000,0.145000,0.145000,0.153000,0.145000,0.145000,0.145000,0.135000,0.145000,0.145000,0.145000,0.145000,0.145000,0.145000,0.145000,0.145000,0.145000,0.145000
295,0.145000,0.135000,0.135000,0.145000,0.145000,0.153000,0.145000,0.145000,0.153000,0.145000,0.145000,0.145000,0.135000,0.145000,0.145000,0.145000,0.145000,0.145000,0.145000,0.145000,0.145000,0.145000,0.145000
296,0.145000,0.135000,0.135000,0.145000,0.145000,0.153000,0.145000,0.145000,0.153000,0.145000,0.145000,0.145000,0.135000,0.145000,0.145000,0.145000,0.145000,0.145000,0.145000,0.145000,0.145000,0.145000,0.145000
297,0.145000,0.135000,0.135000,0.145000,0.145000,0.153000,0.145000,0.145000,0.153000,0.145000,0.145000,0.145000,0.135000,0.145000,0.145000,0.145000,0.145000,0.145000,0.145000,0.145000,0.145000,0.145000,0.145000
298,0.145000,0.135000,0.135000,0.145000,0.145000,0.153000,0.145000,0.145000,0.153000,0.145000,0.145000,0.145000,0.135000,0.145000,0.145000,0.145000,0.145000,0.145000,0.145000,0.145000,0.145000,0.145000,0.145000
299,0.145000,0.135000,0.135000,0.145000,0.145000,0.153000,0.145000,0.145000,0.153000,0.145000,0.145000,0.145000,0.135000,0.145000,0.145000,0.145000,0.145000,0.145000,0.145000,0.145000,0.145000,0.145000,0.145000
300,0.145000,0.135000,0.135000,0.145000,0.145000,0.153000,0.145000,0.145000,0.153000,0.145000,0.145000,0.145000,0.135000,0.145000,0.145000,0.145000,0.145000,0.145000,0.145000,0.145000,0.145000,0.145000,0.145000
301,0.145000,0.135000,0.135000,0.145000,0.145000,0.153000,0.145000,0.145000,0.153000,0.145000,0.145000,0.145000,0.135000,0.145000,0.145000,0.145000,0.145000,0.145000,0.145000,0.145000,0.145000,0.145000,0.145000
302,0.145000,0.135000,0.135000,0.145000,0.145000,0.153000,0.145000,0.145000,0.153000,0.145000,0.145000,0.145000,0.135000,0.145000,0.145000,0.145000,0.145000,0.145000,0.145000,0.145000,0.145000,0.145000,0.145000
303,0.145000,0.135000,0.135000,0.145000,0.145000,0.153000,0.145000,0.145000,0.153000,0.145000,0.145000,0.145000,0.135000,0.145000,0.145000,0.145000,0.145000,0.145000,0.145000,0.145000,0.145000,0.145000,0.145000
304,0.145000,0.135000,0.135000,0.145000,0.145000,0.153000,0.145000,0.145000,0.153000,0.145000,0.145000,0.145000,0.135000,0.145000,0.145000,0.145000,0.145000,0.145000,0.145000,0.145000,0.145000,0.145000,0.145000
305,0.145000,0.135000,0.135000,0.145000,0.145000,0.153000,0.145000,0.145000,0.153000,0.145000,0.145000,0.145000,0.135000,0.145000,0.145000,0.145000,0.145000,0.145000,0.145000,0.145000,0.145000,0.145000,0.145000
306,0.145000,0.135000,0.135000,0.145000,0.145000,0.153000,0.145000,0.145000,0.153000,0.145000,0.145000,0.145000,0.135000,0.145000,0.145000,0.145000,0.145000,0.145000,0.145000,0.145000,0.145000,0.145000,0.145000
307,0.145000,0.135000,0.135000,0.145000,0.145000,0.153000,0.145000,0.145000,0.153000,0.145000,0.145000,0.145000,0.135000,0.145000,0.145000,0.145000,0.145000,0.145000,0.145000,0.145000,0.145000,0.145000,0.145000
308,0.145000,0.135000,0.135000,0.145000,0.145000,0.153000,0.145000,0.145000,0.153000,0.145000,0.145000,0.145000,0.135000,0.145000,0.145000,0.145000,0.145000,0.145000,0.145000,0.145000,0.145000,0.145000,0.145000
309,0.145000,0.135000,0.135000,0.145000,0.145000,0.153000,0.145000,0.145000,0.153000,0.145000,0.145000,0.145000,0.135000,0.145000,0.145000,0.145000,0.145000,0.145000,0.145000,0.145000,0.145000,0.145000,0.145000
310,0.145000,0.135000,0.135000,0.145000,0.145000,0.153000,0.145000,0.145000,0.153000,0.145000,0.145000,0.145000,0.135000,0.145000,0.145000,0.145000,0.145000,0.145000,0.145000,0.145000,0.145000,0.145000,0.145000
311,0.145000,0.135000,0.135000,0.145000,0.145000,0.153000,0.145000,0.145000,0.153000,0.145000,0.145000,0.145000,0.135000,0.145000,0.145000,0.145000,0.145000,0.145000,0.145000,0.145000,0.145000,0.145000,0.145000
312,0.145000,0.135000,0.135000,0.145000,0.145000,0.153000,0.145000,0.145000,0.153000,0.145000,0.145000,0.145000,0.135000,0.145000,0.145000,0.145000,0.145000,0.145000,0.145000,0.145000,0.145000,0.145000,0.145000
313,0.145000,0.135000,0.135000,0.145000,0.145000,0.153000,0.145000,0.145000,0.153000,0.145000,0.145000,0.145000,0.135000,0.145000,0.145000,0.145000,0.145000,0.145000,0.145000,0.145000,0.145000,0.145000,0.145000
314,0.145000,0.135000,0.135000,0.145000,0.145000,0.153000,0.145000,0.145000,0.153000,0.145000,0.145000,0.145000,0.135000,0.145000,0.145000,0.145000,0.145000,0.145000,0.145000,0.145000,0.145000,0.145000,0.145000
315,0.145000,0.135000,0.135000,0.145000,0.145000,0.153000,0.145000,0.145000,0.153000,0.145000,0.145000,0.145000,0.135000,0.145000,0.145000,0.145000,0.145000,0.145000,0.145000,0.145000,0.145000,0.145000,0.145000
316,0.145000,0.135000,0.135000,0.145000,0.145000,0.153000,0.145000,0.145000,0.153000,0.145000,0.145000,0.145000,0.135000,0.145000,0.145000,0.145000,0.145000,0.145000,0.145000,0.145000,0.145000,0.145000,0.145000
317,0.145000,0.135000,0.135000,0.145000,0.145000,0.153000,0.145000,0.145000,0.153000,0.145000,0.145000,0.145000,0.135000,0.145000,0.145000,0.145000,0.145000,0.145000,0.145000,0.145000,0.145000,0.145000,0.145000
318,0.145000,0.135000,0.135000,0.145000,0.145000,0.153000,0.145000,0.145000,0.153000,0.145000,0.145000,0.145000,0.135000,0.145000,0.145000,0.145000,0.145000,0.145000,0.145000,0.145000,0.145000,0.145000,0.145000
319,0.145000,0.135000,0.135000,0.145000,0.145000,0.153000,0.145000,0.145000,0.153000,0.145000,0.145000,0.145000,0.135000,0.145000,0.145000,0.145000,0.145000,0.145000,0.145000,0.145000,0.145000,0.145000,0.145000
320,0.145000,0.135000,0.135000,0.145000,0.145000,0.153000,0.145000,0.145000,0.153000,0.145000,0.145000,0.145000,0.135000,0.145000,0.145000,0.145000,0.145000,0.145000,0.145000,0.145000,0.145000,0.145000,0.145000
321,0.145000,0.135000,0.135000,0.145000,0.145000,0.153000,0.145000,0.145000,0.153000,0.145000,0.145000,0.145000,0.135000,0.145000,0.145000,0.145000,0.145000,0.145000,0.145000,0.145000,0.145000,0.145000,0.145000
322,0.145000,0.135000,0.135000,0.145000,0.145000,0.153000,0.145000,0.145000,0.153000,0.145000,0.145000,0.145000,0.135000,0.145000,0.145000,0.145000,0.145000,0.145000,0.145000,0.145000,0.145000,0.145000,0.145000
323,0.145000,0.135000,0.135000,0.145000,0.145000,0.153000,0.145000,0.145000,0.153000,0.145000,0.145000,0.145000,0.135000,0.145000,0.145000,0.145000,0.145000,0.145000,0.145000,0.145000,0.145000,0.145000,0.145000
324,0.145000,0.135000,0.135000,0.145000,0.145000,0.153000,0.145000,0.145000,0.153000,0.145000,0.145000,0.145000,0.135000,0.145000,0.145000,0.145000,0.145000,0.145000,0.145000,0.145000,0.145000,0.145000,0.145000
325,0.145000,0.135000,0.135000,0.145000,0.145000,0.153000,0.145000,0.145000,0.153000,0.145000,0.145000,0.145000,0.135000,0.145000,0.145000,0.145000,0.145000,0.145000,0.145000,0.145000,0.145000,0.145000,0.145000
326,0.145000,0.135000,0.135000,0.145000,0.145000,0.153000,0.145000,0.145000,0.153000,0.145000,0.145000,0.145000,0.135000,0.145000,0.145000,0.145000,0.145000,0.145000,0.145000,0.145000,0.145000,0.145000,0.145000
327,0.145000,0.135000,0.135000,0.145000,0.145000,0.153000,0.145000,0.145000,0.153000,0.145000,0.145000,0.145000,0.135000,0.145000,0.145000,0.145000,0.145000,0.145000,0.145000,0.145000,0.145000,0.145000,0.145000
328,0.145000,0.135000,0.135000,0.145000,0.145000,0.153000,0.145000,0.145000,0.153000,0.145000,0.145000,0.145000,0.135000,0.145000,0.145000,0.145000,0.145000,0.145000,0.145000,0.145000,0.145000,0.145000,0.145000
329,0.145000,0.135000,0.135000,0.145000,0.145000,0.153000,0.145000,0.145000,0.153000,0.145000,0.145000,0.145000,0.135000,0.145000,0.145000,0.145000,0.145000,0.145000,0.145000,0.145000,0.145000,0.145000,0.145000
330,0.145000,0.135000,0.135000,0.145000,0.145000,0.153000,0.145000,0.145000,0.153000,0.145000,0.145000,0.145000,0.135000,0.145000,0.145000,0.145000,0.145000,0.145000,0.145000,0.145000,0.145000,0.145000,0.145000
331,0.145000,0.135000,0.135000,0.145000,0.145000,0.153000,0.145000,0.145000,0.153000,0.145000,0.145000,0.145000,0.135000,0.145000,0.145000,0.145000,0.145000,0.145000,0.145000,0.145000,0.145000,0.145000,0.145000
332,0.145000,0.135000,0.135000,0.145000,0.145000,0.153000,0.145000,0.145000,0.153000,0.145000,0.145000,0.145000,0.135000,0.145000,0.145000,0.145000,0.145000,0.145000,0.145000,0.145000,0.145000,0.145000,0.145000
333,0.145000,0.135000,0.135000,0.145000,0.145000,0.153000,0.145000,0.145000,0.153000,0.145000,0.145000,0.145000,0.135000,0.145000,0.145000,0.145000,0.145000,0.145000,0.145000,0.145000,0.145000,0.145000,0.145000
334,0.145000,0.135000,0.135000,0.145000,0.145000,0.153000,0.145000,0.145000,0.153000,0.145000,0.145000,0.145000,0.135000,0.145000,0.145000,0.145000,0.145000,0.145000,0.145000,0.145000,0.145000,0.145000,0.145000
335,0.145000,0.135000,0.135000,0.145000,0.145000,0.153000,0.145000,0.145000,0.153000,0.145000,0.145000,0.145000,0.135000,0.145000,0.145000,0.145000,0.145000,0.145000,0.145000,0.145000,0.145000,0.145000,0.145000
336,0.145000,0.135000,0.135000,0.145000,0.145000,0.153000,0.145000,0.145000,0.153000,0.145000,0.145000,0.145000,0.135000,0.145000,0.145000,0.145000,0.145000,0.145000,0.145000,0.145000,0.145000,0.145000,0.145000
337,0.145000,0.135000,0.135000,0.145000,0.145000,0.153000,0.145000,0.145000,0.153000,0.145000,0.145000,0.145000,0.135000,0.145000,0.145000,0.145000,0.145000,0.145000,0.145000,0.145000,0.145000,0.145000,0.145000
338,0.145000,0.135000,0.135000,0.145000,0.145000,0.153000,0.145000,0.145000,0.153000,0.145000,0.145000,0.145000,0.135000,0.145000,0.145000,0.145000,0.145000,0.145000,0.145000,0.145000,0.145000,0.145000,0.145000
339,0.145000,0.135000,0.135000,0.145000,0.145000,0.153000,0.145000,0.145000,0.153000,0.145000,0.145000,0.145000,0.135000,0.145000,0.145000,0.145000,0.145000,0.145000,0.145000,0.145000,0.145000,0.145000,0.145000
340,0.145000,0.135000,0.135000,0.145000,0.145000,0.153000,0.145000,0.145000,0.153000,0.145000,0.145000,0.145000,0.135000,0.145000,0.145000,0.145000,0.145000,0.145000,0.145000,0.145000,0.145000,0.145000,0.145000
341,0.145000,0.135000,0.135000,0.145000,0.145000,0.153000,0.145000,0.145000,0.153000,0.145000,0.145000,0.145000,0.135000,0.145000,0.145000,0.145000,0.145000,0.145000,0.145000,0.145000,0.145000,0.145000,0.145000
342,0.145000,0.135000,0.135000,0.145000,0.145000,0.153000,0.145000,0.145000,0.153000,0.145000,0.145000,0.145000,0.135000,0.145000,0.145000,0.145000,0.145000,0.145000,0.145000,0.145000,0.145000,0.145000,0.145000
343,0.145000,0.135000,0.135000,0.145000,0.145000,0.153000,0.145000,0.145000,0.153000,0.145000,0.145000,0.145000,0.135000,0.145000,0.145000,0.145000,0.145000,0.145000,0.145000,0.145000,0.145000,0.145000,0.145000
344,0.145000,0.135000,0.135000,0.145000,0.145000,0.153000,0.145000,0.145000,0.153000,0.145000,0.145000,0.145000,0.135000,0.145000,0.145000,0.145000,0.145000,0.145000,0.145000,0.145000,0.145000,0.145000,0.145000
345,0.145000,0.135000,0.135000,0.145000,0.145000,0.153000,0.145000,0.145000,0.153000,0.145000,0.145000,0.145000,0.135000,0.145000,0.145000,0.145000,0.145000,0.145000,0.145000,0.145000,0.145000,0.145000,0.145000
346,0.145000,0.135000,0.135000,0.145000,0.145000,0.153000,0.145000,0.145000,0.153000,0.145000,0.145000,0.145000,0.135000,0.145000,0.145000,0.145000,0.145000,0.145000,0.145000,0.145000,0.145000,0.145000,0.145000
347,0.145000,0.135000,0.135000,0.145000,0.145000,0.153000,0.145000,0.145000,0.153000,0.145000,0.145000,0.145000,0.135000,0.145000,0.145000,0.145000,0.145000,0.145000,0.145000,0.145000,0.145000,0.145000,0.145000
348,0.145000,0.135000,0.135000,0.145000,0.145000,0.153000,0.145000,0.145000,0.153000,0.145000,0.145000,0.145000,0.135000,0.145000,0.145000,0.145000,0.145000,0.145000,0.145000,0.145000,0.145000,0.145000,0.145000
349,0.145000,0.135000,0.135000,0.145000,0.145000,0.153000,0.145000,0.145000,0.153000,0.145000,0.145000,0.145000,0.135000,0.145000,0.145000,0.145000,0.145000,0.145000,0.145000,0.145000,0.145000,0.145000,0.145000
350,0.145000,0.135000,0.135000,0.145000,0.145000,0.153000,0.145000,0.145000,0.153000,0.145000,0.145000,0.145000,0.135000,0.145000,0.145000,0.145000,0.145000,0.145000,0.145000,0.145000,0.145000,0.145000,0.145000
351,0.145000,0.135000,0.135000,0.145000,0.145000,0.153000,0.145000,0.145000,0.153000,0.145000,0.145000,0.145000,0.135000,0.145000,0.145000,0.145000,0.145000,0.145000,0.145000,0.145000,0.145000,0.145000,0.145000
352,0.145000,0.135000,0.135000,0.145000,0.145000,0.153000,0.145000,0.145000,0.153000,0.145000,0.145000,0.145000,0.135000,0.145000,0.145000,0.145000,0.145000,0.145000,0.145000,0.145000,0.145000,0.145000,0.145000
353,0.145000,0.135000,0.135000,0.145000,0.145000,0.153000,0.145000,0.145000,0.153000,0.145000,0.145000,0.145000,0.135000,0.145000,0.145000,0.145000,0.145000,0.145000,0.145000,0.145000,0.145000,0.145000,0.145000
354,0.145000,0.135000,0.135000,0.145000,0.145000,0.153000,0.145000,0.145000,0.153000,0.145000,0.145000,0.145000,0.135000,0.145000,0.145000,0.145000,0.145000,0.145000,0.145000,0.145000,0.145000,0.145000,0.145000
355,0.145000,0.135000,0.135000,0.145000,0.145000,0.153000,0.145000,0.145000,0.153000,0.145000,0.145000,0.145000,0.135000,0.145000,0.145000,0.145000,0.145000,0.145000,0.145000,0.145000,0.145000,0.145000,0.145000
356,0.145000,0.135000,0.135000,0.145000,0.145000,0.153000,0.145000,0.145000,0.153000,0.145000,0.145000,0.145000,0.135000,0.145000,0.145000,0.145000,0.145000,0.145000,0.145000,0.145000,0.145000,0.145000,0.145000
357,0.145000,0.135000,0.135000,0.145000,0.145000,0.153000,0.145000,0.145000,0.153000,0.145000,0.145000,0.145000,0.135000,0.145000,0.145000,0.145000,0.145000,0.145000,0.145000,0.145000,0.145000,0.145000,0.145000
358,0.145000,0.135000,0.135000,0.145000,0.145000,0.153000,0.145000,0.145000,0.153000,0.145000,0.145000,0.145000,0.135000,0.145000,0.145000,0.145000,0.145000,0.145000,0.145000,0.145000,0.145000,0.145000,0.145000
359,0.145000,0.135000,0.135000,0.145000,0.145000,0.153000,0.145000,0.145000,0.153000,0.145000,0.145000,0.145000,0.135000,0.145000,0.145000,0.145000,0.145000,0.145000,0.145000,0.145000,0.145000,0.145000,0.145000
360,0.145000,0.135000,0.135000,0.145000,0.145000,0.153000,0.145000,0.145000,0.153000,0.145000,0.145000,0.145000,0.135000,0.145000,0.145000,0.145000,0.145000,0.145000,0.145000,0.145000,0.145000,0.145000,0.145000
361,0.145000,0.135000,0.135000,0.145000,0.145000,0.153000,0.145000,0.145000,0.153000,0.145000,0.145000,0.145000,0.135000,0.145000,0.145000,0.145000,0.145000,0.145000,0.145000,0.145000,0.145000,0.145000,0.145000
362,0.145000,0.135000,0.135000,0.145000,0.145000,0.153000,0.145000,0.145000,0.153000,0.145000,0.145000,0.145000,0.135000,0.145000,0.145000,0.145000,0.145000,0.145000,0.145000,0.145000,0.145000,0.145000,0.145000
363,0.145000,0.135000,0.135000,0.145000,0.145000,0.153000,0.145000,0.145000,0.153000,0.145000,0.145000,0.145000,0.135000,0.145000,0.145000,0.145000,0.145000,0.145000,0.145000,0.145000,0.145000,0.145000,0.145000
364,0.145000,0.135000,0.135000,0.145000,0.145000,0.153000,0.145000,0.145000,0.153000,0.145000,0.145000,0.145000,0.135000,0.145000,0.145000,0.145000,0.145000,0.145000,0.145000,0.145000,0.145000,0.145000,0.145000
365,0.145000,0.135000,0.135000,0.145000,0.145000,0.153000,0.145000,0.145000,0.153000,0.145000,0.145000,0.145000,0.135000,0.145000,0.145000,0.145000,0.145000,0.145000,0.145000,0.145000,0.145000,0.145000,0.145000
366,0.145000,0.135000,0.135000,0.145000,0.145000,0.153000,0.145000,0.145000,0.153000,0.145000,0.145000,0.145000,0.135000,0.145000,0.145000,0.145000,0.145000,0.145000,0.145000,0.145000,0.145000,0.145000,0.145000
367,0.145000,0.135000,0.135000,0.145000,0.145000,0.153000,0.145000,0.145000,0.153000,0.145000,0.145000,0.145000,0.135000,0.145000,0.145000,0.145000,0.145000,0.145000,0.145000,0.145000,0.145000,0.145000,0.145000
368,0.145000,0.135000,0.135000,0.145000,0.145000,0.153000,0.145000,0.145000,0.153000,0.145000,0.145000,0.145000,0.135000,0.145000,0.145000,0.145000,0.145000,0.145000,0.145000,0.145000,0.145000,0.145000,0.145000
369,0.145000,0.135000,0.135000,0.145000,0.145000,0.153000,0.145000,0.145000,0.153000,0.145000,0.145000,0.145000,0.135000,0.145000,0.145000,0.145000,0.145000,0.145000,0.145000,0.145000,0.145000,0.145000,0.145000
370,0.145000,0.135000,0.135000,0.145000,0.145000,0.153000,0.145000,0.145000,0.153000,0.145000,0.145000,0.145000,0.135000,0.145000,0.145000,0.145000,0.145000,0.145000,0.145000,0.145000,0.145000,0.145000,0.145000
371,0.145000,0.135000,0.135000,0.145000,0.145000,0.153000,0.145000,0.145000,0.153000,0.145000,0.145000,0.145000,0.135000,0.145000,0.145000,0.145000,0.145000,0.145000,0.145000,0.145000,0.145000,0.145000,0.145000
372,0.145000,0.135000,0.135000,0.145000,0.145000,0.153000,0.145000,0.145000,0.153000,0.145000,0.145000,0.145000,0.135000,0.145000,0.145000,0.145000,0.145000,0.145000,0.145000,0.145000,0.145000,0.145000,0.145000
373,0.145000,0.135000,0.135000,0.145000,0.145000,0.153000,0.145000,0.145000,0.153000,0.145000,0.145000,0.145000,0.135000,0.145000,0.145000,0.145000,0.145000,0.145000,0.145000,0.145000,0.145000,0.145000,0.145000
374,0.145000,0.135000,0.135000,0.145000,0.145000,0.153000,0.145000,0.145000,0.153000,0.145000,0.145000,0.145000,0.135000,0.145000,0.145000,0.145000,0.145000,0.145000,0.145000,0.145000,0.145000,0.145000,0.145000
375,0.145000,0.135000,0.135000,0.145000,0.145000,0.153000,0.145000,0.145000,0.153000,0.145000,0.145000,0.145000,0.135000,0.145000,0.145000,0.145000,0.145000,0.145000,0.145000,0.145000,0.145000,0.145000,0.145000
376,0.145000,0.135000,0.135000,0.145000,0.145000,0.153000,0.145000,0.145000,0.153000,0.145000,0.145000,0.145000,0.135000,0.145000,0.145000,0.145000,0.145000,0.145000,0.145000,0.145000,0.145000,0.145000,0.145000
377,0.145000,0.135000,0.135000,0.145000,0.145000,0.153000,0.145000,0.145000,0.153000,0.145000,0.145000,0.145000,0.135000,0.145000,0.145000,0.145000,0.145000,0.145000,0.145000,0.145000,0.145000,0.145000,0.145000
378,0.145000,0.135000,0.135000,0.145000,0.145000,0.153000,0.145000,0.145000,0.153000,0.145000,0.145000,0.145000,0.135000,0.145000,0.145000,0.145000,0.145000,0.145000,0.145000,0.145000,0.145000,0.145000,0.145000
379,0.145000,0.135000,0.135000,0.145000,0.145000,0.153000,0.145000,0.145000,0.153000,0.145000,0.145000,0.145000,0.135000,0.145000,0.145000,0.145000,0.145000,0.145000,0.145000,0.145000,0.145000,0.145000,0.145000
380,0.145000,0.135000,0.135000,0.145000,0.145000,0.153000,0.145000,0.145000,0.153000,0.145000,0.145000,0.145000,0.135000,0.145000,0.145000,0.145000,0.145000,0.145000,0.145000,0.145000,0.145000,0.145000,0.145000
381,0.145000,0.135000,0.135000,0.145000,0.145000,0.153000,0.145000,0.145000,0.153000,0.145000,0.145000,0.145000,0.135000,0.145000,0.145000,0.145000,0.145000,0.145000,0.145000,0.145000,0.145000,0.145000,0.145000
382,0.145000,0.135000,0.135000,0.145000,0.145000,0.153000,0.145000,0.145000,0.153000,0.145000,0.145000,0.145000,0.135000,0.145000,0.145000,0.145000,0.145000,0.145000,0.145000,0.145000,0.145000,0.145000,0.145000
383,0.145000,0.135000,0.135000,0.145000,0.145000,0.153000,0.145000,0.145000,0.153000,0.145000,0.145000,0.145000,0.135000,0.145000,0.145000,0.145000,0.145000,0.145000,0.145000,0.145000,0.145000,0.145000,0.145000
384,0.145000,0.135000,0.135000,0.145000,0.145000,0.153000,0.145000,0.145000,0.153000,0.145000,0.145000,0.145000,0.135000,0.145000,0.145000,0.145000,0.145000,0.145000,0.145000,0.145000,0.145000,0.145000,0.145000
385,0.145000,0.135000,0.135000,0.145000,0.145000,0.153000,0.145000,0.145000,0.153000,0.145000,0.145000,0.145000,0.135000,0.145000,0.145000,0.145000,0.145000,0.145000,0.145000,0.145000,0.145000,0.145000,0.145000
386,0.145000,0.135000,0.135000,0.145000,0.145000,0.153000,0.145000,0.145000,0.153000,0.145000,0.145000,0.145000,0.135000,0.145000,0.145000,0.145000,0.145000,0.145000,0.145000,0.145000,0.145000,0.145000,0.145000
387,0.145000,0.135000,0.135000,0.145000,0.145000,0.153000,0.145000,0.145000,0.153000,0.145000,0.145000,0.145000,0.135000,0.145000,0.145000,0.145000,0.145000,0.145000,0.145000,0.145000,0.145000,0.145000,0.145000
388,0.145000,0.135000,0.135000,0.145000,0.145000,0.153000,0.145000,0.145000,0.153000,0.145000,0.145000,0.145000,0.135000,0.145000,0.145000,0.145000,0.145000,0.145000,0.145000,0.145000,0.145000,0.145000,0.145000
389,0.145000,0.135000,0.135000,0.145000,0.145000,0.153000,0.145000,0.145000,0.153000,0.145000,0.145000,0.145000,0.135000,0.145000,0.145000,0.145000,0.145000,0.145000,0.145000,0.145000,0.145000,0.145000,0.145000
390,0.145000,0.135000,0.135000,0.145000,0.145000,0.153000,0.145000,0.145000,0.153000,0.145000,0.145000,0.145000,0.135000,0.145000,0.145000,0.145000,0.145000,0.145000,0.145000,0.145000,0.145000,0.145000,0.145000
391,0.145000,0.135000,0.135000,0.145000,0.145000,0.153000,0.145000,0.145000,0.153000,0.145000,0.145000,0.145000,0.135000,0.145000,0.145000,0.145000,0.145000,0.145000,0.145000,0.145000,0.145000,0.145000,0.145000
392,0.145000,0.135000,0.135000,0.145000,0.145000,0.153000,0.145000,0.145000,0.153000,0.145000,0.145000,0.145000,0.135000,0.145000,0.145000,0.145000,0.145000,0.145000,0.145000,0.145000,0.145000,0.145000,0.145000
393,0.145000,0.135000,0.135000,0.145000,0.145000,0.153000,0.145000,0.145000,0.153000,0.145000,0.145000,0.145000,0.135000,0.145000,0.145000,0.145000,0.145000,0.145000,0.145000,0.145000,0.145000,0.145000,0.145000
394,0.145000,0.135000,0.135000,0.145000,0.145000,0.153000,0.145000,0.145000,0.153000,0.145000,0.145000,0.145000,0.135000,0.145000,0.145000,0.145000,0.145000,0.145000,0.145000,0.145000,0.145000,0.145000,0.145000
395,0.145000,0.135000,0.135000,0.145000,0.145000,0.153000,0.145000,0.145000,0.153000,0.145000,0.145000,0.145000,0.135000,0.145000,0.145000,0.145000,0.145000,0.145000,0.145000,0.145000,0.145000,0.145000,0.145000
396,0.145000,0.135000,0.135000,0.145000,0.145000,0.153000,0.145000,0.145000,0.153000,0.145000,0.145000,0.145000,0.135000,0.145000,0.145000,0.145000,0.145000,0.145000,0.145000,0.145000,0.145000,0.145000,0.145000
397,0.145000,0.135000,0.135000,0.145000,0.145000,0.153000,0.145000,0.145000,0.153000,0.145000,0.145000,0.145000,0.135000,0.145000,0.145000,0.145000,0.145000,0.145000,0.145000,0.145000,0.145000,0.145000,0.145000
398,0.145000,0.135000,0.135000,0.145000,0.145000,0.153000,0.145000,0.145000,0.153000,0.145000,0.145000,0.145000,0.135000,0.145000,0.145000,0.145000,0.145000,0.145000,0.145000,0.145000,0.145000,0.145000,0.145000
399,0.145000,0.135000,0.135000,0.145000,0.145000,0.153000,0.145000,0.145000,0.153000,0.145000,0.145000,0.145000,0.135000,0.145000,0.145000,0.145000,0.145000,0.145000,0.145000,0.145000,0.145000,0.145000,0.145000
400,0.145000,0.135000,0.135000,0.145000,0.145000,0.153000,0.145000,0.145000,0.153000,0.145000,0.145000,0.145000,0.135000,0.145000,0.145000,0.145000,0.145000,0.145000,0.145000,0.145000,0.145000,0.145000,0.145000
401,0.145000,0.135000,0.135000,0.145000,0.145000,0.153000,0.145000,0.145000,0.153000,0.145000,0.145000,0.145000,0.135000,0.145000,0.145000,0.145000,0.145000,0.145000,0.145000,0.145000,0.145000,0.145000,0.145000
402,0.145000,0.135000,0.135000,0.145000,0.145000,0.153000,0.145000,0.145000,0.153000,0.145000,0.145000,0.145000,0.135000,0.145000,0.145000,0.145000,0.145000,0.145000,0.145000,0.145000,0.145000,0.145000,0.145000
403,0.145000,0.135000,0.135000,0.145000,0.145000,0.153000,0.145000,0.145000,0.153000,0.145000,0.145000,0.145000,0.135000,0.145000,0.145000,0.145000,0.145000,0.145000,0.145000,0.145000,0.145000,0.145000,0.145000
404,0.145000,0.135000,0.135000,0.145000,0.145000,0.153000,0.145000,0.145000,0.153000,0.145000,0.145000,0.145000,0.135000,0.145000,0.145000,0.145000,0.145000,0.145000,0.145000,0.145000,0.145000,0.145000,0.145000
405,0.145000,0.135000,0.135000,0.145000,0.145000,0.153000,0.145000,0.145000,0.153000,0.145000,0.145000,0.145000,0.135000,0.145000,0.145000,0.145000,0.145000,0.145000,0.145000,0.145000,0.145000,0.145000,0.145000
406,0.145000,0.135000,0.135000,0.145000,0.145000,0.153000,0.145000,0.145000,0.153000,0.145000,0.145000,0.145000,0.135000,0.145000,0.145000,0.145000,0.145000,0.145000,0.145000,0.145000,0.145000,0.145000,0.145000
407,0.145000,0.135000,0.135000,0.145000,0.145000,0.153000,0.145000,0.145000,0.153000,0.145000,0.145000,0.145000,0.135000,0.145000,0.145000,0.145000,0.145000,0.145000,0.145000,0.145000,0.145000,0.145000,0.145000
408,0.145000,0.135000,0.135000,0.145000,0.145000,0.153000,0.145000,0.145000,0.153000,0.145000,0.145000,0.145000,0.135000,0.145000,0.145000,0.145000,0.145000,0.145000,0.145000,0.145000,0.145000,0.145000,0.145000
409,0.145000,0.135000,0.135000,0.145000,0.145000,0.153000,0.145000,0.145000,0.153000,0.145000,0.145000,0.145000,0.135000,0.145000,0.145000,0.145000,0.145000,0.145000,0.145000,0.145000,0.145000,0.145000,0.145000
410,0.145000,0.135000,0.135000,0.145000,0.145000,0.153000,0.145000,0.145000,0.153000,0.145000,0.145000,0.145000,0.135000,0.145000,0.145000,0.145000,0.145000,0.145000,0.145000,0.145000,0.145000,0.145000,0.145000
411,0.145000,0.135000,0.135000,0.145000,0.145000,0.153000,0.145000,0.145000,0.153000,0.145000,0.145000,0.145000,0.135000,0.145000,0.145000,0.145000,0.145000,0.145000,0.145000,0.145000,0.145000,0.145000,0.145000
412,0.145000,0.135000,0.135000,0.145000,0.145000,0.153000,0.145000,0.145000,0.153000,0.145000,0.145000,0.145000,0.135000,0.145000,0.145000,0.145000,0.145000,0.145000,0.145000,0.145000,0.145000,0.145000,0.145000
413,0.145000,0.135000,0.135000,0.145000,0.145000,0.153000,0.145000,0.145000,0.153000,0.145000,0.145000,0.145000,0.135000,0.145000,0.145000,0.145000,0.145000,0.145000,0.145000,0.145000,0.145000,0.145000,0.145000
414,0.145000,0.135000,0.135000,0.145000,0.145000,0.153000,0.145000,0.145000,0.153000,0.145000,0.145000,0.145000,0.135000,0.145000,0.145000,0.145000,0.145000,0.145000,0.145000,0.145000,0.145000,0.145000,0.145000
415,0.145000,0.135000,0.135000,0.145000,0.145000,0.153000,0.145000,0.145000,0.153000,0.145000,0.145000,0.145000,0.135000,0.145000,0.145000,0.145000,0.145000,0.145000,0.145000,0.145000,0.145000,0.145000,0.145000
416,0.145000,0.135000,0.135000,0.145000,0.145000,0.153000,0.145000,0.145000,0.153000,0.145000,0.145000,0.145000,0.135000,0.145000,0.145000,0.145000,0.145000,0.145000,0.145000,0.145000,0.145000,0.145000,0.145000
417,0.145000,0.135000,0.135000,0.145000,0.145000,0.153000,0.145000,0.145000,0.153000,0.145000,0.145000,0.145000,0.135000,0.145000,0.145000,0.145000,0.145000,0.145000,0.145000,0.145000,0.145000,0.145000,0.145000
418,0.145000,0.135000,0.135000,0.145000,0.145000,0.153000,0.145000,0.145000,0.153000,0.145000,0.145000,0.145000,0.135000,0.145000,0.145000,0.145000,0.145000,0.145000,0.145000,0.145000,0.145000,0.145000,0.145000
419,0.145000,0.135000,0.135000,0.145000,0.145000,0.153000,0.145000,0.145000,0.153000,0.145000,0.145000,0.145000,0.135000,0.145000,0.145000,0.145000,0.145000,0.145000,0.145000,0.145000,0.145000,0.145000,0.145000
420,0.145000,0.135000,0.135000,0.145000,0.145000,0.153000,0.145000,0.145000,0.153000,0.145000,0.145000,0.145000,0.135000,0.145000,0.145000,0.145000,0.145000,0.145000,0.145000,0.145000,0.145000,0.145000,0.145000
421,0.145000,0.135000,0.135000,0.145000,0.145000,0.153000,0.145000,0.145000,0.153000,0.145000,0.145000,0.145000,0.135000,0.145000,0.145000,0.145000,0.145000,0.145000,0.145000,0.145000,0.145000,0.145000,0.145000
422,0.145000,0.135000,0.135000,0.145000,0.145000,0.153000,0.145000,0.145000,0.153000,0.145000,0.145000,0.145000,0.135000,0.145000,0.145000,0.145000,0.145000,0.145000,0.145000,0.145000,0.145000,0.145000,0.145000
423,0.145000,0.135000,0.135000,0.145000,0.145000,0.153000,0.145000,0.145000,0.153000,0.145000,0.145000,0.145000,0.135000,0.145000,0.145000,0.145000,0.145000,0.145000,0.145000,0.145000,0.145000,0.145000,0.145000
424,0.145000,0.135000,0.135000,0.145000,0.145000,0.153000,0.145000,0.145000,0.153000,0.145000,0.145000,0.145000,0.135000,0.145000,0.145000,0.145000,0.145000,0.145000,0.145000,0.145000,0.145000,0.145000,0.145000
425,0.145000,0.135000,0.135000,0.145000,0.145000,0.153000,0.145000,0.145000,0.153000,0.145000,0.145000,0.145000,0.135000,0.145000,0.145000,0.145000,0.145000,0.145000,0.145000,0.145000,0.145000,0.145000,0.145000
426,0.145000,0.135000,0.135000,0.145000,0.145000,0.153000,0.145000,0.145000,0.153000,0.145000,0.145000,0.145000,0.135000,0.145000,0.145000,0.145000,0.145000,0.145000,0.145000,0.145000,0.145000,0.145000,0.145000
427,0.145000,0.135000,0.135000,0.145000,0.145000,0.153000,0.145000,0.145000,0.153000,0.145000,0.145000,0.145000,0.135000,0.145000,0.145000,0.145000,0.145000,0.145000,0.145000,0.145000,0.145000,0.145000,0.145000
428,0.145000,0.135000,0.135000,0.145000,0.145000,0.153000,0.145000,0.145000,0.153000,0.145000,0.145000,0.145000,0.135000,0.145000,0.145000,0.145000,0.145000,0.145000,0.145000,0.145000,0.145000,0.145000,0.145000
429,0.145000,0.135000,0.135000,0.145000,0.145000,0.153000,0.145000,0.145000,0.153000,0.145000,0.145000,0.145000,0.135000,0.145000,0.145000,0.145000,0.145000,0.145000,0.145000,0.145000,0.145000,0.145000,0.145000
430,0.145000,0.135000,0.135000,0.145000,0.145000,0.153000,0.145000,0.145000,0.153000,0.145000,0.145000,0.145000,0.135000,0.145000,0.145000,0.145000,0.145000,0.145000,0.145000,0.145000,0.145000,0.145000,0.145000
431,0.145000,0.135000,0.135000,0.145000,0.145000,0.153000,0.145000,0.145000,0.153000,0.145000,0.145000,0.145000,0.135000,0.145000,0.145000,0.145000,0.145000,0.145000,0.145000,0.145000,0.145000,0.145000,0.145000
432,0.145000,0.135000,0.135000,0.145000,0.145000,0.153000,0.145000,0.145000,0.153000,0.145000,0.145000,0.145000,0.135000,0.145000,0.145000,0.145000,0.145000,0.145000,0.145000,0.145000,0.145000,0.145000,0.145000
433,0.145000,0.135000,0.135000,0.145000,0.145000,0.153000,0.145000,0.145000,0.153000,0.145000,0.145000,0.145000,0.135000,0.145000,0.145000,0.145000,0.145000,0.145000,0.145000,0.145000,0.145000,0.145000,0.145000
434,0.145000,0.135000,0.135000,0.145000,0.145000,0.153000,0.145000,0.145000,0.153000,0.145000,0.145000,0.145000,0.135000,0.145000,0.145000,0.145000,0.145000,0.145000,0.145000,0.145000,0.145000,0.145000,0.145000
435,0.145000,0.135000,0.135000,0.145000,0.145000,0.153000,0.145000,0.145000,0.153000,0.145000,0.145000,0.145000,0.135000,0.145000,0.145000,0.145000,0.145000,0.145000,0.145000,0.145000,0.145000,0.145000,0.145000
436,0.145000,0.135000,0.135000,0.145000,0.145000,0.153000,0.145000,0.145000,0.153000,0.145000,0.145000,0.145000,0.135000,0.145000,0.145000,0.145000,0.145000,0.145000,0.145000,0.145000,0.145000,0.145000,0.145000
437,0.145000,0.135000,0.135000,0.145000,0.145000,0.153000,0.145000,0.145000,0.153000,0.145000,0.145000,0.145000,0.135000,0.145000,0.145000,0.145000,0.145000,0.145000,0.145000,0.145000,0.145000,0.145000,0.145000
438,0.145000,0.135000,0.135000,0.145000,0.145000,0.153000,0.145000,0.145000,0.153000,0.145000,0.145000,0.145000,0.135000,0.145000,0.145000,0.145000,0.145000,0.145000,0.145000,0.145000,0.145000,0.145000,0.145000
439,0.145000,0.135000,0.135000,0.145000,0.145000,0.153000,0.145000,0.145000,0.153000,0.145000,0.145000,0.145000,0.135000,0.145000,0.145000,0.145000,0.145000,0.145000,0.145000,0.145000,0.145000,0.145000,0.145000
440,0.145000,0.135000,0.135000,0.145000,0.145000,0.153000,0.145000,0.145000,0.153000,0.145000,0.145000,0.145000,0.135000,0.145000,0.145000,0.145000,0.145000,0.145000,0.145000,0.145000,0.145000,0.145000,0.145000
441,0.145000,0.135000,0.135000,0.145000,0.145000,0.153000,0.145000,0.145000,0.153000,0.145000,0.145000,0.145000,0.135000,0.145000,0.145000,0.145000,0.145000,0.145000,0.145000,0.145000,0.145000,0.145000,0.145000
442,0.145000,0.135000,0.135000,0.145000,0.145000,0.153000,0.145000,0.145000,0.153000,0.145000,0.145000,0.145000,0.135000,0.145000,0.145000,0.145000,0.145000,0.145000,0.145000,0.145000,0.145000,0.145000,0.145000
443,0.145000,0.135000,0.135000,0.145000,0.145000,0.153000,0.145000,0.145000,0.153000,0.145000,0.145000,0.145000,0.135000,0.145000,0.145000,0.145000,0.145000,0.145000,0.145000,0.145000,0.145000,0.145000,0.145000
444,0.145000,0.135000,0.135000,0.145000,0.145000,0.153000,0.145000,0.145000,0.153000,0.145000,0.145000,0.145000,0.135000,0.145000,0.145000,0.145000,0.145000,0.145000,0.145000,0.145000,0.145000,0.145000,0.145000
445,0.145000,0.135000,0.135000,0.145000,0.145000,0.153000,0.145000,0.145000,0.153000,0.145000,0.145000,0.145000,0.135000,0.145000,0.145000,0.145000,0.145000,0.145000,0.145000,0.145000,0.145000,0.145000,0.145000
446,0.145000,0.135000,0.135000,0.145000,0.145000,0.153000,0.145000,0.145000,0.153000,0.145000,0.145000,0.145000,0.135000,0.145000,0.145000,0.145000,0.145000,0.145000,0.145000,0.145000,0.145000,0.145000,0.145000
447,0.145000,0.135000,0.135000,0.145000,0.145000,0.153000,0.145000,0.145000,0.153000,0.145000,0.145000,0.145000,0.135000,0.145000,0.145000,0.145000,0.145000,0.145000,0.145000,0.145000,0.145000,0.145000,0.145000
448,0.145000,0.135000,0.135000,0.145000,0.145000,0.153000,0.145000,0.145000,0.153000,0.145000,0.145000,0.145000,0.135000,0.145000,0.145000,0.145000,0.145000,0.145000,0.145000,0.145000,0.145000,0.145000,0.145000
449,0.145000,0.135000,0.135000,0.145000,0.145000,0.153000,0.145000,0.145000,0.153000,0.145000,0.145000,0.145000,0.135000,0.145000,0.145000,0.145000,0.145000,0.145000,0.145000,0.145000,0.145000,0.145000,0.145000
450,0.145000,0.135000,0.135000,0.145000,0.145000,0.153000,0.145000,0.145000,0.153000,0.145000,0.145000,0.145000,0.135000,0.145000,0.145000,0.145000,0.145000,0.145000,0.145000,0.145000,0.145000,0.145000,0.145000
451,0.145000,0.135000,0.135000,0.145000,0.145000,0.153000,0.145000,0.145000,0.153000,0.145000,0.145000,0.145000,0.135000,0.145000,0.145000,0.145000,0.145000,0.145000,0.145000,0.145000,0.145000,0.145000,0.145000
452,0.145000,0.135000,0.135000,0.145000,0.145000,0.153000,0.145000,0.145000,0.153000,0.145000,0.145000,0.145000,0.135000,0.145000,0.145000,0.145000,0.145000,0.145000,0.145000,0.145000,0.145000,0.145000,0.145000
453,0.145000,0.135000,0.135000,0.145000,0.145000,0.153000,0.145000,0.145000,0.153000,0.145000,0.145000,0.145000,0.135000,0.145000,0.145000,0.145000,0.145000,0.145000,0.145000,0.145000,0.145000,0.145000,0.145000
454,0.145000,0.135000,0.135000,0.145000,0.145000,0.153000,0.145000,0.145000,0.153000,0.145000,0.145000,0.145000,0.135000,0.145000,0.145000,0.145000,0.145000,0.145000,0.145000,0.145000,0.145000,0.145000,0.145000
455,0.145000,0.135000,0.135000,0.145000,0.145000,0.153000,0.145000,0.145000,0.153000,0.145000,0.145000,0.145000,0.135000,0.145000,0.145000,0.145000,0.145000,0.145000,0.145000,0.145000,0.145000,0.145000,0.145000
456,0.145000,0.135000,0.135000,0.145000,0.145000,0.153000,0.145000,0.145000,0.153000,0.145000,0.145000,0.145000,0.135000,0.145000,0.145000,0.145000,0.145000,0.145000,0.145000,0.145000,0.145000,0.145000,0.145000
457,0.145000,0.135000,0.135000,0.145000,0.145000,0.153000,0.145000,0.145000,0.153000,0.145000,0.145000,0.145000,0.135000,0.145000,0.145000,0.145000,0.145000,0.145000,0.145000,0.145000,0.145000,0.145000,0.145000
458,0.145000,0.135000,0.135000,0.145000,0.145000,0.153000,0.145000,0.145000,0.153000,0.145000,0.145000,0.145000,0.135000,0.145000,0.145000,0.145000,0.145000,0.145000,0.145000,0.145000,0.145000,0.145000,0.145000
459,0.145000,0.135000,0.135000,0.145000,0.145000,0.153000,0.145000,0.145000,0.153000,0.145000,0.145000,0.145000,0.135000,0.145000,0.145000,0.145000,0.145000,0.145000,0.145000,0.145000,0.145000,0.145000,0.145000
460,0.145000,0.135000,0.135000,0.145000,0.145000,0.153000,0.145000,0.145000,0.153000,0.145000,0.145000,0.145000,0.135000,0.145000,0.145000,0.145000,0.145000,0.145000,0.145000,0.145000,0.145000,0.145000,0.145000
461,0.145000,0.135000,0.135000,0.145000,0.145000,0.153000,0.145000,0.145000,0.153000,0.145000,0.145000,0.145000,0.135000,0.145000,0.145000,0.145000,0.145000,0.145000,0.145000,0.145000,0.145000,0.145000,0.145000
462,0.145000,0.135000,0.135000,0.145000,0.145000,0.153000,0.145000,0.145000,0.153000,0.145000,0.145000,0.145000,0.135000,0.145000,0.145000,0.145000,0.145000,0.145000,0.145000,0.145000,0.145000,0.145000,0.145000
463,0.145000,0.135000,0.135000,0.145000,0.145000,0.153000,0.145000,0.145000,0.153000,0.145000,0.145000,0.145000,0.135000,0.145000,0.145000,0.145000,0.145000,0.145000,0.145000,0.145000,0.145000,0.145000,0.145000
464,0.145000,0.135000,0.135000,0.145000,0.145000,0.153000,0.145000,0.145000,0.153000,0.145000,0.145000,0.145000,0.135000,0.145000,0.145000,0.145000,0.145000,0.145000,0.145000,0.145000,0.145000,0.145000,0.145000
465,0.145000,0.135000,0.135000,0.145000,0.145000,0.153000,0.145000,0.145000,0.153000,0.145000,0.145000,0.145000,0.135000,0.145000,0.145000,0.145000,0.145000,0.145000,0.145000,0.145000,0.145000,0.145000,0.145000
466,0.145000,0.135000,0.135000,0.145000,0.145000,0.153000,0.145000,0.145000,0.153000,0.145000,0.145000,0.145000,0.135000,0.145000,0.145000,0.145000,0.145000,0.145000,0.145000,0.145000,0.145000,0.145000,0.145000
467,0.145000,0.135000,0.135000,0.145000,0.145000,0.153000,0.145000,0.145000,0.153000,0.145000,0.145000,0.145000,0.135000,0.145000,0.145000,0.145000,0.145000,0.145000,0.145000,0.145000,0.145000,0.145000,0.145000
468,0.145000,0.135000,0.135000,0.145000,0.145000,0.153000,0.145000,0.145000,0.153000,0.145000,0.145000,0.145000,0.135000,0.145000,0.145000,0.145000,0.145000,0.145000,0.145000,0.145000,0.145000,0.145000,0.145000
469,0.145000,0.135000,0.135000,0.145000,0.145000,0.153000,0.145000,0.145000,0.153000,0.145000,0.145000,0.145000,0.135000,0.145000,0.145000,0.145000,0.145000,0.145000,0.145000,0.145000,0.145000,0.145000,0.145000
470,0.145000,0.135000,0.135000,0.145000,0.145000,0.153000,0.145000,0.145000,0.153000,0.145000,0.145000,0.145000,0.135000,0.145000,0.145000,0.145000,0.145000,0.145000,0.145000,0.145000,0.145000,0.145000,0.145000
471,0.145000,0.135000,0.135000,0.145000,0.145000,0.153000,0.145000,0.145000,0.153000,0.145000,0.145000,0.145000,0.135000,0.145000,0.145000,0.145000,0.145000,0.145000,0.145000,0.145000,0.145000,0.145000,0.145000
472,0.145000,0.135000,0.135000,0.145000,0.145000,0.153000,0.145000,0.145000,0.153000,0.145000,0.145000,0.145000,0.135000,0.145000,0.145000,0.145000,0.145000,0.145000,0.145000,0.145000,0.145000,0.145000,0.145000
473,0.145000,0.135000,0.135000,0.145000,0.145000,0.153000,0.145000,0.145000,0.153000,0.145000,0.145000,0.145000,0.135000,0.145000,0.145000,0.145000,0.145000,0.145000,0.145000,0.145000,0.145000,0.145000,0.145000
474,0.145000,0.135000,0.135000,0.145000,0.145000,0.153000,0.145000,0.145000,0.153000,0.145000,0.145000,0.145000,0.135000,0.145000,0.145000,0.145000,0.145000,0.145000,0.145000,0.145000,0.145000,0.145000,0.145000
475,0.145000,0.135000,0.135000,0.145000,0.145000,0.153000,0.145000,0.145000,0.153000,0.145000,0.145000,0.145000,0.135000,0.145000,0.145000,0.145000,0.145000,0.145000,0.145000,0.145000,0.145000,0.145000,0.145000
476,0.145000,0.135000,0.135000,0.145000,0.145000,0.153000,0.145000,0.145000,0.153000,0.145000,0.145000,0.145000,0.135000,0.145000,0.145000,0.145000,0.145000,0.145000,0.145000,0.145000,0.145000,0.145000,0.145000
477,0.145000,0.135000,0.135000,0.145000,0.145000,0.153000,0.145000,0.145000,0.153000,0.145000,0.145000,0.145000,0.135000,0.145000,0.145000,0.145000,0.145000,0.145000,0.145000,0.145000,0.145000,0.145000,0.145000
478,0.145000,0.135000,0.135000,0.145000,0.145000,0.153000,0.145000,0.145000,0.153000,0.145000,0.145000,0.145000,0.135000,0.145000,0.145000,0.145000,0.145000,0.145000,0.145000,0.145000,0.145000,0.145000,0.145000
479,0.145000,0.135000,0.135000,0.145000,0.145000,0.153000,0.145000,0.145000,0.153000,0.145000,0.145000,0.145000,0.135000,0.145000,0.145000,0.145000,0.145000,0.145000,0.145000,0.145000,0.145000,0.145000,0.145000
480,0.145000,0.135000,0.135000,0.145000,0.145000,0.153000,0.145000,0.145000,0.153000,0.145000,0.145000,0.145000,0.135000,0.145000,0.145000,0.145000,0.145000,0.145000,0.145000,0.145000,0.145000,0.145000,0.145000
481,0.145000,0.135000,0.135000,0.145000,0.145000,0.153000,0.145000,0.145000,0.153000,0.145000,0.145000,0.145000,0.135000,0.145000,0.145000,0.145000,0.145000,0.145000,0.145000,0.145000,0.145000,0.145000,0.145000
482,0.145000,0.135000,0.135000,0.145000,0.145000,0.153000,0.145000,0.145000,0.153000,0.145000,0.145000,0.145000,0.135000,0.145000,0.145000,0.145000,0.145000,0.145000,0.145000,0.145000,0.145000,0.145000,0.145000
483,0.145000,0.135000,0.135000,0.145000,0.145000,0.153000,0.145000,0.145000,0.153000,0.145000,0.145000,0.145000,0.135000,0.145000,0.145000,0.145000,0.145000,0.145000,0.145000,0.145000,0.145000,0.145000,0.145000
484,0.145000,0.135000,0.135000,0.145000,0.145000,0.153000,0.145000,0.145000,0.153000,0.145000,0.145000,0.145000,0.135000,0.145000,0.145000,0.145000,0.145000,0.145000,0.145000,0.145000,0.145000,0.145000,0.145000
485,0.145000,0.135000,0.135000,0.145000,0.145000,0.153000,0.145000,0.145000,0.153000,0.145000,0.145000,0.145000,0.135000,0.145000,0.145000,0.145000,0.145000,0.145000,0.145000,0.145000,0.145000,0.145000,0.145000
486,0.145000,0.135000,0.135000,0.145000,0.145000,0.153000,0.145000,0.145000,0.153000,0.145000,0.145000,0.145000,0.135000,0.145000,0.145000,0.145000,0.145000,0.145000,0.145000,0.145000,0.145000,0.145000,0.145000
487,0.145000,0.135000,0.135000,0.145000,0.145000,0.153000,0.145000,0.145000,0.153000,0.145000,0.145000,0.145000,0.135000,0.145000,0.145000,0.145000,0.145000,0.145000,0.145000,0.145000,0.145000,0.145000,0.145000
488,0.145000,0.135000,0.135000,0.145000,0.145000,0.153000,0.145000,0.145000,0.153000,0.145000,0.145000,0.145000,0.135000,0.145000,0.145000,0.145000,0.145000,0.145000,0.145000,0.145000,0.145000,0.145000,0.145000
489,0.145000,0.135000,0.135000,0.145000,0.145000,0.153000,0.145000,0.145000,0.153000,0.145000,0.145000,0.145000,0.135000,0.145000,0.145000,0.145000,0.145000,0.145000,0.145000,0.145000,0.145000,0.145000,0.145000
490,0.145000,0.135000,0.135000,0.145000,0.145000,0.153000,0.145000,0.145000,0.153000,0.145000,0.145000,0.145000,0.135000,0.145000,0.145000,0.145000,0.145000,0.145000,0.145000,0.145000,0.145000,0.145000,0.145000
491,0.145000,0.135000,0.135000,0.145000,0.145000,0.153000,0.145000,0.145000,0.153000,0.145000,0.145000,0.145000,0.135000,0.145000,0.145000,0.145000,0.145000,0.145000,0.145000,0.145000,0.145000,0.145000,0.145000
492,0.145000,0.135000,0.135000,0.145000,0.145000,0.153000,0.145000,0.145000,0.153000,0.145000,0.145000,0.145000,0.135000,0.145000,0.145000,0.145000,0.145000,0.145000,0.145000,0.145000,0.145000,0.145000,0.145000
493,0.145000,0.135000,0.135000,0.145000,0.145000,0.153000,0.145000,0.145000,0.153000,0.145000,0.145000,0.145000,0.135000,0.145000,0.145000,0.145000,0.145000,0.145000,0.145000,0.145000,0.145000,0.145000,0.145000
494,0.145000,0.135000,0.135000,0.145000,0.145000,0.153000,0.145000,0.145000,0.153000,0.145000,0.145000,0.145000,0.135000,0.145000,0.145000,0.145000,0.145000,0.145000,0.145000,0.145000,0.145000,0.145000,0.145000
495,0.145000,0.135000,0.135000,0.145000,0.145000,0.153000,0.145000,0.145000,0.153000,0.145000,0.145000,0.145000,0.135000,0.145000,0.145000,0.145000,0.145000,0.145000,0.145000,0.145000,0.145000,0.145000,0.145000
496,0.145000,0.135000,0.135000,0.145000,0.145000,0.153000,0.145000,0.145000,0.153000,0.145000,0.145000,0.145000,0.135000,0.145000,0.145000,0.145000,0.145000,0.145000,0.145000,0.145000,0.145000,0.145000,0.145000
497,0.145000,0.135000,0.135000,0.145000,0.145000,0.153000,0.145000,0.145000,0.153000,0.145000,0.145000,0.145000,0.135000,0.145000,0.145000,0.145000,0.145000,0.145000,0.145000,0.145000,0.145000,0.145000,0.145000
498,0.145000,0.135000,0.135000,0.145000,0.145000,0.153000,0.145000,0.145000,0.153000,0.145000,0.145000,0.145000,0.135000,0.145000,0.145000,0.145000,0.145000,0.145000,0.145000,0.145000,0.145000,0.145000,0.145000
499,0.145000,0.135000,0.135000,0.145000,0.145000,0.153000,0.145000,0.145000,0.153000,0.145000,0.145000,0.145000,0.135000,0.145000,0.145000,0.145000,0.145000,0.145000,0.145000,0.145000,0.145000,0.145000,0.145000
500,0.145000,0.135000,0.135000,0.145000,0.145000,0.153000,0.145000,0.145000,0.153000,0.145000,0.145000,0.145000,0.135000,0.145000,0.145000,0.145000,0.145000,0.145000,0.145000,0.145000,0.145000,0.145000,0.145000
501,0.145000,0.135000,0.135000,0.145000,0.145000,0.153000,0.145000,0.145000,0.153000,0.145000,0.145000,0.145000,0.135000,0.145000,0.145000,0.145000,0.145000,0.145000,0.145000,0.145000,0.145000,0.145000,0.145000
502,0.145000,0.135000,0.135000,0.145000,0.145000,0.153000,0.145000,0.145000,0.153000,0.145000,0.145000,0.145000,0.135000,0.145000,0.145000,0.145000,0.145000,0.145000,0.145000,0.145000,0.145000,0.145000,0.145000
503,0.145000,0.135000,0.135000,0.145000,0.145000,0.153000,0.145000,0.145000,0.153000,0.145000,0.145000,0.145000,0.135000,0.145000,0.145000,0.145000,0.145000,0.145000,0.145000,0.145000,0.145000,0.145000,0.145000
504,0.145000,0.135000,0.135000,0.145000,0.145000,0.153000,0.145000,0.145000,0.153000,0.145000,0.145000,0.145000,0.135000,0.145000,0.145000,0.145000,0.145000,0.145000,0.145000,0.145000,0.145000,0.145000,0.145000
505,0.145000,0.135000,0.135000,0.145000,0.145000,0.153000,0.145000,0.145000,0.153000,0.145000,0.145000,0.145000,0.135000,0.145000,0.145000,0.145000,0.145000,0.145000,0.145000,0.145000,0.145000,0.145000,0.145000
506,0.145000,0.135000,0.135000,0.145000,0.145000,0.153000,0.145000,0.145000,0.153000,0.145000,0.145000,0.145000,0.135000,0.145000,0.145000,0.145000,0.145000,0.145000,0.145000,0.145000,0.145000,0.145000,0.145000
507,0.145000,0.135000,0.135000,0.145000,0.145000,0.153000,0.145000,0.145000,0.153000,0.145000,0.145000,0.145000,0.135000,0.145000,0.145000,0.145000,0.145000,0.145000,0.145000,0.145000,0.145000,0.145000,0.145000
508,0.145000,0.135000,0.135000,0.145000,0.145000,0.153000,0.145000,0.145000,0.153000,0.145000,0.145000,0.145000,0.135000,0.145000,0.145000,0.145000,0.145000,0.145000,0.145000,0.145000,0.145000,0.145000,0.145000
509,0.145000,0.135000,0.135000,0.145000,0.145000,0.153000,0.145000,0.145000,0.153000,0.145000,0.145000,0.145000,0.135000,0.145000,0.145000,0.145000,0.145000,0.145000,0.145000,0.145000,0.145000,0.145000,0.145000
510,0.145000,0.135000,0.135000,0.145000,0.145000,0.153000,0.145000,0.145000,0.153000,0.145000,0.145000,0.145000,0.135000,0.145000,0.145000,0.145000,0.145000,0.145000,0.145000,0.145000,0.145000,0.145000,0.145000
511,0.145000,0.135000,0.135000,0.145000,0.145000,0.153000,0.145000,0.145000,0.153000,0.145000,0.145000,0.145000,0.135000,0.145000,0.145000,0.145000,0.145000,0.145000,0.145000,0.145000,0.145000,0.145000,0.145000
512,0.145000,0.135000,0.135000,0.145000,0.145000,0.153000,0.145000,0.145000,0.153000,0.145000,0.145000,0.145000,0.135000,0.145000,0.145000,0.145000,0.145000,0.145000,0.145000,0.145000,0.145000,0.145000,0.145000
513,0.145000,0.135000,0.135000,0.145000,0.145000,0.153000,0.145000,0.145000,0.153000,0.145000,0.145000,0.145000,0.135000,0.145000,0.145000,0.145000,0.145000,0.145000,0.145000,0.145000,0.145000,0.145000,0.145000
514,0.145000,0.135000,0.135000,0.145000,0.145000,0.153000,0.145000,0.145000,0.153000,0.145000,0.145000,0.145000,0.135000,0.145000,0.145000,0.145000,0.145000,0.145000,0.145000,0.145000,0.145000,0.145000,0.145000
515,0.145000,0.135000,0.135000,0.145000,0.145000,0.153000,0.145000,0.145000,0.153000,0.145000,0.145000,0.145000,0.135000,0.145000,0.145000,0.145000,0.145000,0.145000,0.145000,0.145000,0.145000,0.145000,0.145000
516,0.145000,0.135000,0.135000,0.145000,0.145000,0.153000,0.145000,0.145000,0.153000,0.145000,0.145000,0.145000,0.135000,0.145000,0.145000,0.145000,0.145000,0.145000,0.145000,0.145000,0.145000,0.145000,0.145000
517,0.145000,0.135000,0.135000,0.145000,0.145000,0.153000,0.145000,0.145000,0.153000,0.145000,0.145000,0.145000,0.135000,0.145000,0.145000,0.145000,0.145000,0.145000,0.145000,0.145000,0.145000,0.145000,0.145000
518,0.145000,0.135000,0.135000,0.145000,0.145000,0.153000,0.145000,0.145000,0.153000,0.145000,0.145000,0.145000,0.135000,0.145000,0.145000,0.145000,0.145000,0.145000,0.145000,0.145000,0.145000,0.145000,0.145000
519,0.145000,0.135000,0.135000,0.145000,0.145000,0.153000,0.145000,0.145000,0.153000,0.145000,0.145000,0.145000,0.135000,0.145000,0.145000,0.145000,0.145000,0.145000,0.145000,0.145000,0.145000,0.145000,0.145000
520,0.145000,0.135000,0.135000,0.145000,0.145000,0.153000,0.145000,0.145000,0.153000,0.145000,0.145000,0.145000,0.135000,0.145000,0.145000,0.145000,0.145000,0.145000,0.145000,0.145000,0.145000,0.145000,0.145000
521,0.145000,0.135000,0.135000,0.145000,0.145000,0.153000,0.145000,0.145000,0.153000,0.145000,0.145000,0.145000,0.135000,0.145000,0.145000,0.145000,0.145000,0.145000,0.145000,0.145000,0.145000,0.145000,0.145000
522,0.145000,0.135000,0.135000,0.145000,0.145000,0.153000,0.145000,0.145000,0.153000,0.145000,0.145000,0.145000,0.135000,0.145000,0.145000,0.145000,0.145000,0.145000,0.145000,0.145000,0.145000,0.145000,0.145000
523,0.145000,0.135000,0.135000,0.145000,0.145000,0.153000,0.145000,0.145000,0.153000,0.145000,0.145000,0.145000,0.135000,0.145000,0.145000,0.145000,0.145000,0.145000,0.145000,0.145000,0.145000,0.145000,0.145000
524,0.145000,0.135000,0.135000,0.145000,0.145000,0.153000,0.145000,0.145000,0.153000,0.145000,0.145000,0.145000,0.135000,0.145000,0.145000,0.145000,0.145000,0.145000,0.145000,0.145000,0.145000,0.145000,0.145000
525,0.145000,0.135000,0.135000,0.145000,0.145000,0.153000,0.145000,0.145000,0.153000,0.145000,0.145000,0.145000,0.135000,0.145000,0.145000,0.145000,0.145000,0.145000,0.145000,0.145000,0.145000,0.145000,0.145000
526,0.145000,0.135000,0.135000,0.145000,0.145000,0.153000,0.145000,0.145000,0.153000,0.145000,0.145000,0.145000,0.135000,0.145000,0.145000,0.145000,0.145000,0.145000,0.145000,0.145000,0.145000,0.145000,0.145000
527,0.145000,0.135000,0.135000,0.145000,0.145000,0.153000,0.145000,0.145000,0.153000,0.145000,0.145000,0.145000,0.135000,0.145000,0.145000,0.145000,0.145000,0.145000,0.145000,0.145000,0.145000,0.145000,0.145000
528,0.145000,0.135000,0.135000,0.145000,0.145000,0.153000,0.145000,0.145000,0.153000,0.145000,0.145000,0.145000,0.135000,0.145000,0.145000,0.145000,0.145000,0.145000,0.145000,0.145000,0.145000,0.145000,0.145000
529,0.145000,0.135000,0.135000,0.145000,0.145000,0.153000,0.145000,0.145000,0.153000,0.145000,0.145000,0.145000,0.135000,0.145000,0.145000,0.145000,0.145000,0.145000,0.145000,0.145000,0.145000,0.145000,0.145000
530,0.145000,0.135000,0.135000,0.145000,0.145000,0.153000,0.145000,0.145000,0.153000,0.145000,0.145000,0.145000,0.135000,0.145000,0.145000,0.145000,0.145000,0.145000,0.145000,0.145000,0.145000,0.145000,0.145000
531,0.145000,0.135000,0.135000,0.145000,0.145000,0.153000,0.145000,0.145000,0.153000,0.145000,0.145000,0.145000,0.135000,0.145000,0.145000,0.145000,0.145000,0.145000,0.145000,0.145000,0.145000,0.145000,0.145000
532,0.145000,0.135000,0.135000,0.145000,0.145000,0.153000,0.145000,0.145000,0.153000,0.145000,0.145000,0.145000,0.135000,0.145000,0.145000,0.145000,0.145000,0.145000,0.145000,0.145000,0.145000,0.145000,0.145000
533,0.145000,0.135000,0.135000,0.145000,0.145000,0.153000,0.145000,0.145000,0.153000,0.145000,0.145000,0.145000,0.135000,0.145000,0.145000,0.145000,0.145000,0.145000,0.145000,0.145000,0.145000,0.145000,0.145000
534,0.145000,0.135000,0.135000,0.145000,0.145000,0.153000,0.145000,0.145000,0.153000,0.145000,0.145000,0.145000,0.135000,0.145000,0.145000,0.145000,0.145000,0.145000,0.145000,0.145000,0.145000,0.145000,0.145000
535,0.145000,0.135000,0.135000,0.145000,0.145000,0.153000,0.145000,0.145000,0.153000,0.145000,0.145000,0.145000,0.135000,0.145000,0.145000,0.145000,0.145000,0.145000,0.145000,0.145000,0.145000,0.145000,0.145000
536,0.145000,0.135000,0.135000,0.145000,0.145000,0.153000,0.145000,0.145000,0.153000,0.145000,0.145000,0.145000,0.135000,0.145000,0.145000,0.145000,0.145000,0.145000,0.145000,0.145000,0.145000,0.145000,0.145000
537,0.145000,0.135000,0.135000,0.145000,0.145000,0.153000,0.145000,0.145000,0.153000,0.145000,0.145000,0.145000,0.135000,0.145000,0.145000,0.145000,0.145000,0.145000,0.145000,0.145000,0.145000,0.145000,0.145000
538,0.145000,0.135000,0.135000,0.145000,0.145000,0.153000,0.145000,0.145000,0.153000,0.145000,0.145000,0.145000,0.135000,0.145000,0.145000,0.145000,0.145000,0.145000,0.145000,0.145000,0.145000,0.145000,0.145000
539,0.145000,0.135000,0.135000,0.145000,0.145000,0.153000,0.145000,0.145000,0.153000,0.145000,0.145000,0.145000,0.135000,0.145000,0.145000,0.145000,0.145000,0.145000,0.145000,0.145000,0.145000,0.145000,0.145000
540,0.145000,0.135000,0.135000,0.145000,0.145000,0.153000,0.145000,0.145000,0.153000,0.145000,0.145000,0.145000,0.135000,0.145000,0.145000,0.145000,0.145000,0.145000,0.145000,0.145000,0.145000,0.145000,0.145000
541,0.145000,0.135000,0.135000,0.145000,0.145000,0.153000,0.145000,0.145000,0.153000,0.145000,0.145000,0.145000,0.135000,0.145000,0.145000,0.145000,0.145000,0.145000,0.145000,0.145000,0.145000,0.145000,0.145000
542,0.145000,0.135000,0.135000,0.145000,0.145000,0.153000,0.145000,0.145000,0.153000,0.145000,0.145000,0.145000,0.135000,0.145000,0.145000,0.145000,0.145000,0.145000,0.145000,0.145000,0.145000,0.145000,0.145000
543,0.145000,0.135000,0.135000,0.145000,0.145000,0.153000,0.145000,0.145000,0.153000,0.145000,0.145000,0.145000,0.135000,0.145000,0.145000,0.145000,0.145000,0.145000,0.145000,0.145000,0.145000,0.145000,0.145000
544,0.145000,0.135000,0.135000,0.145000,0.145000,0.153000,0.145000,0.145000,0.153000,0.145000,0.145000,0.145000,0.135000,0.145000,0.145000,0.145000,0.145000,0.145000,0.145000,0.145000,0.145000,0.145000,0.145000
545,0.145000,0.135000,0.135000,0.145000,0.145000,0.153000,0.145000,0.145000,0.153000,0.145000,0.145000,0.145000,0.135000,0.145000,0.145000,0.145000,0.145000,0.145000,0.145000,0.145000,0.145000,0.145000,0.145000
546,0.145000,0.135000,0.135000,0.145000,0.145000,0.153000,0.145000,0.145000,0.153000,0.145000,0.145000,0.145000,0.135000,0.145000,0.145000,0.145000,0.145000,0.145000,0.145000,0.145000,0.145000,0.145000,0.145000
547,0.145000,0.135000,0.135000,0.145000,0.145000,0.153000,0.145000,0.145000,0.153000,0.145000,0.145000,0.145000,0.135000,0.145000,0.145000,0.145000,0.145000,0.145000,0.145000,0.145000,0.145000,0.145000,0.145000
548,0.145000,0.135000,0.135000,0.145000,0.145000,0.153000,0.145000,0.145000,0.153000,0.145000,0.145000,0.145000,0.135000,0.145000,0.145000,0.145000,0.145000,0.145000,0.145000,0.145000,0.145000,0.145000,0.145000
549,0.145000,0.135000,0.135000,0.145000,0.145000,0.153000,0.145000,0.145000,0.153000,0.145000,0.145000,0.145000,0.135000,0.145000,0.145000,0.145000,0.145000,0.145000,0.145000,0.145000,0.145000,0.145000,0.145000
550,0.145000,0.135000,0.135000,0.145000,0.145000,0.153000,0.145000,0.145000,0.153000,0.145000,0.145000,0.145000,0.135000,0.145000,0.145000,0.145000,0.145000,0.145000,0.145000,0.145000,0.145000,0.145000,0.145000
551,0.145000,0.135000,0.135000,0.145000,0.145000,0.153000,0.145000,0.145000,0.153000,0.145000,0.145000,0.145000,0.135000,0.145000,0.145000,0.145000,0.145000,0.145000,0.145000,0.145000,0.145000,0.145000,0.145000
552,0.145000,0.135000,0.135000,0.145000,0.145000,0.153000,0.145000,0.145000,0.153000,0.145000,0.145000,0.145000,0.135000,0.145000,0.145000,0.145000,0.145000,0.145000,0.145000,0.145000,0.145000,0.145000,0.145000
553,0.145000,0.135000,0.135000,0.145000,0.145000,0.153000,0.145000,0.145000,0.153000,0.145000,0.145000,0.145000,0.135000,0.145000,0.145000,0.145000,0.145000,0.145000,0.145000,0.145000,0.145000,0.145000,0.145000
554,0.145000,0.135000,0.135000,0.145000,0.145000,0.153000,0.145000,0.145000,0.153000,0.145000,0.145000,0.145000,0.135000,0.145000,0.145000,0.145000,0.145000,0.145000,0.145000,0.145000,0.145000,0.145000,0.145000
555,0.145000,0.135000,0.135000,0.145000,0.145000,0.153000,0.145000,0.145000,0.153000,0.145000,0.145000,0.145000,0.135000,0.145000,0.145000,0.145000,0.145000,0.145000,0.145000,0.145000,0.145000,0.145000,0.145000
556,0.145000,0.135000,0.135000,0.145000,0.145000,0.153000,0.145000,0.145000,0.153000,0.145000,0.145000,0.145000,0.135000,0.145000,0.145000,0.145000,0.145000,0.145000,0.145000,0.145000,0.145000,0.145000,0.145000
557,0.145000,0.135000,0.135000,0.145000,0.145000,0.153000,0.145000,0.145000,0.153000,0.145000,0.145000,0.145000,0.135000,0.145000,0.145000,0.145000,0.145000,0.145000,0.145000,0.145000,0.145000,0.145000,0.145000
558,0.145000,0.135000,0.135000,0.145000,0.145000,0.153000,0.145000,0.145000,0.153000,0.145000,0.145000,0.145000,0.135000,0.145000,0.145000,0.145000,0.145000,0.145000,0.145000,0.145000,0.145000,0.145000,0.145000
559,0.145000,0.135000,0.135000,0.145000,0.145000,0.153000,0.145000,0.145000,0.153000,0.145000,0.145000,0.145000,0.135000,0.145000,0.145000,0.145000,0.145000,0.145000,0.145000,0.145000,0.145000,0.145000,0.145000
560,0.145000,0.135000,0.135000,0.145000,0.145000,0.153000,0.145000,0.145000,0.153000,0.145000,0.145000,0.145000,0.135000,0.145000,0.145000,0.145000,0.145000,0.145000,0.145000,0.145000,0.145000,0.145000,0.145000
561,0.145000,0.135000,0.135000,0.145000,0.145000,0.153000,0.145000,0.145000,0.153000,0.145000,0.145000,0.145000,0.135000,0.145000,0.145000,0.145000,0.145000,0.145000,0.145000,0.145000,0.145000,0.145000,0.145000
562,0.145000,0.135000,0.135000,0.145000,0.145000,0.153000,0.145000,0.145000,0.153000,0.145000,0.145000,0.145000,0.135000,0.145000,0.145000,0.145000,0.145000,0.145000,0.145000,0.145000,0.145000,0.145000,0.145000
563,0.145000,0.135000,0.135000,0.145000,0.145000,0.153000,0.145000,0.145000,0.153000,0.145000,0.145000,0.145000,0.135000,0.145000,0.145000,0.145000,0.145000,0.145000,0.145000,0.145000,0.145000,0.145000,0.145000
564,0.145000,0.135000,0.135000,0.145000,0.145000,0.153000,0.145000,0.145000,0.153000,0.145000,0.145000,0.145000,0.135000,0.145000,0.145000,0.145000,0.145000,0.145000,0.145000,0.145000,0.145000,0.145000,0.145000
565,0.145000,0.135000,0.135000,0.145000,0.145000,0.153000,0.145000,0.145000,0.153000,0.145000,0.145000,0.145000,0.135000,0.145000,0.145000,0.145000,0.145000,0.145000,0.145000,0.145000,0.145000,0.145000,0.145000
566,0.145000,0.135000,0.135000,0.145000,0.145000,0.153000,0.145000,0.145000,0.153000,0.145000,0.145000,0.145000,0.135000,0.145000,0.145000,0.145000,0.145000,0.145000,0.145000,0.145000,0.145000,0.145000,0.145000
567,0.145000,0.135000,0.135000,0.145000,0.145000,0.153000,0.145000,0.145000,0.153000,0.145000,0.145000,0.145000,0.135000,0.145000,0.145000,0.145000,0.145000,0.145000,0.145000,0.145000,0.145000,0.145000,0.145000
568,0.145000,0.135000,0.135000,0.145000,0.145000,0.153000,0.145000,0.145000,0.153000,0.145000,0.145000,0.145000,0.135000,0.145000,0.145000,0.145000,0.145000,0.145000,0.145000,0.145000,0.145000,0.145000,0.145000
569,0.145000,0.135000,0.135000,0.145000,0.145000,0.153000,0.145000,0.145000,0.153000,0.145000,0.145000,0.145000,0.135000,0.145000,0.145000,0.145000,0.145000,0.145000,0.145000,0.145000,0.145000,0.145000,0.145000
570,0.145000,0.135000,0.135000,0.145000,0.145000,0.153000,0.145000,0.145000,0.153000,0.145000,0.145000,0.145000,0.135000,0.145000,0.145000,0.145000,0.145000,0.145000,0.145000,0.145000,0.145000,0.145000,0.145000
571,0.145000,0.135000,0.135000,0.145000,0.145000,0.153000,0.145000,0.145000,0.153000,0.145000,0.145000,0.145000,0.135000,0.145000,0.145000,0.145000,0.145000,0.145000,0.145000,0.145000,0.145000,0.145000,0.145000
572,0.145000,0.135000,0.135000,0.145000,0.145000,0.153000,0.145000,0.145000,0.153000,0.145000,0.145000,0.145000,0.135000,0.145000,0.145000,0.145000,0.145000,0.145000,0.145000,0.145000,0.145000,0.145000,0.145000
573,0.145000,0.135000,0.135000,0.145000,0.145000,0.153000,0.145000,0.145000,0.153000,0.145000,0.145000,0.145000,0.135000,0.145000,0.145000,0.145000,0.145000,0.145000,0.145000,0.145000,0.145000,0.145000,0.145000
574,0.145000,0.135000,0.135000,0.145000,0.145000,0.153000,0.145000,0.145000,0.153000,0.145000,0.145000,0.145000,0.135000,0.145000,0.145000,0.145000,0.145000,0.145000,0.145000,0.145000,0.145000,0.145000,0.145000
575,0.145000,0.135000,0.135000,0.145000,0.145000,0.153000,0.145000,0.145000,0.153000,0.145000,0.145000,0.145000,0.135000,0.145000,0.145000,0.145000,0.145000,0.145000,0.145000,0.145000,0.145000,0.145000,0.145000
576,0.145000,0.135000,0.135000,0.145000,0.145000,0.153000,0.145000,0.145000,0.153000,0.145000,0.145000,0.145000,0.135000,0.145000,0.145000,0.145000,0.145000,0.145000,0.145000,0.145000,0.145000,0.145000,0.145000
577,0.145000,0.135000,0.135000,0.145000,0.145000,0.153000,0.145000,0.145000,0.153000,0.145000,0.145000,0.145000,0.135000,0.145000,0.145000,0.145000,0.145000,0.145000,0.145000,0.145000,0.145000,0.145000,0.145000
578,0.145000,0.135000,0.135000,0.145000,0.145000,0.153000,0.145000,0.145000,0.153000,0.145000,0.145000,0.145000,0.135000,0.145000,0.145000,0.145000,0.145000,0.145000,0.145000,0.145000,0.145000,0.145000,0.145000
579,0.145000,0.135000,0.135000,0.145000,0.145000,0.153000,0.145000,0.145000,0.153000,0.145000,0.145000,0.145000,0.135000,0.145000,0.145000,0.145000,0.145000,0.145000,0.145000,0.145000,0.145000,0.145000,0.145000
580,0.145000,0.135000,0.135000,0.145000,0.145000,0.153000,0.145000,0.145000,0.153000,0.145000,0.145000,0.145000,0.135000,0.145000,0.145000,0.145000,0.145000,0.145000,0.145000,0.145000,0.145000,0.145000,0.145000
581,0.145000,0.135000,0.135000,0.145000,0.145000,0.153000,0.145000,0.145000,0.153000,0.145000,0.145000,0.145000,0.135000,0.145000,0.145000,0.145000,0.145000,0.145000,0.145000,0.145000,0.145000,0.145000,0.145000
582,0.145000,0.135000,0.135000,0.145000,0.145000,0.153000,0.145000,0.145000,0.153000,0.145000,0.145000,0.145000,0.135000,0.145000,0.145000,0.145000,0.145000,0.145000,0.145000,0.145000,0.145000,0.145000,0.145000
583,0.145000,0.135000,0.135000,0.145000,0.145000,0.153000,0.145000,0.145000,0.153000,0.145000,0.145000,0.145000,0.135000,0.145000,0.145000,0.145000,0.145000,0.145000,0.145000,0.145000,0.145000,0.145000,0.145000
584,0.145000,0.135000,0.135000,0.145000,0.145000,0.153000,0.145000,0.145000,0.153000,0.145000,0.145000,0.145000,0.135000,0.145000,0.145000,0.145000,0.145000,0.145000,0.145000,0.145000,0.145000,0.145000,0.145000
585,0.145000,0.135000,0.135000,0.145000,0.145000,0.153000,0.145000,0.145000,0.153000,0.145000,0.145000,0.145000,0.135000,0.145000,0.145000,0.145000,0.145000,0.145000,0.145000,0.145000,0.145000,0.145000,0.145000
586,0.145000,0.135000,0.135000,0.145000,0.145000,0.153000,0.145000,0.145000,0.153000,0.145000,0.145000,0.145000,0.135000,0.145000,0.145000,0.145000,0.145000,0.145000,0.145000,0.145000,0.145000,0.145000,0.145000
587,0.145000,0.135000,0.135000,0.145000,0.145000,0.153000,0.145000,0.145000,0.153000,0.145000,0.145000,0.145000,0.135000,0.145000,0.145000,0.145000,0.145000,0.145000,0.145000,0.145000,0.145000,0.145000,0.145000
588,0.145000,0.135000,0.135000,0.145000,0.145000,0.153000,0.145000,0.145000,0.153000,0.145000,0.145000,0.145000,0.135000,0.145000,0.145000,0.145000,0.145000,0.145000,0.145000,0.145000,0.145000,0.145000,0.145000
589,0.145000,0.135000,0.135000,0.145000,0.145000,0.153000,0.145000,0.145000,0.153000,0.145000,0.145000,0.145000,0.135000,0.145000,0.145000,0.145000,0.145000,0.145000,0.145000,0.145000,0.145000,0.145000,0.145000
590,0.145000,0.135000,0.135000,0.145000,0.145000,0.153000,0.145000,0.145000,0.153000,0.145000,0.145000,0.145000,0.135000,0.145000,0.145000,0.145000,0.145000,0.145000,0.145000,0.145000,0.145000,0.145000,0.145000
591,0.145000,0.135000,0.135000,0.145000,0.145000,0.153000,0.145000,0.145000,0.153000,0.145000,0.145000,0.145000,0.135000,0.145000,0.145000,0.145000,0.145000,0.145000,0.145000,0.145000,0.145000,0.145000,0.145000
592,0.145000,0.135000,0.135000,0.145000,0.145000,0.153000,0.145000,0.145000,0.153000,0.145000,0.145000,0.145000,0.135000,0.145000,0.145000,0.145000,0.145000,0.145000,0.145000,0.145000,0.145000,0.145000,0.145000
593,0.145000,0.135000,0.135000,0.145000,0.145000,0.153000,0.145000,0.145000,0.153000,0.145000,0.145000,0.145000,0.135000,0.145000,0.145000,0.145000,0.145000,0.145000,0.145000,0.145000,0.145000,0.145000,0.145000
594,0.145000,0.135000,0.135000,0.145000,0.145000,0.153000,0.145000,0.145000,0.153000,0.145000,0.145000,0.145000,0.135000,0.145000,0.145000,0.145000,0.145000,0.145000,0.145000,0.145000,0.145000,0.145000,0.145000
595,0.145000,0.135000,0.135000,0.145000,0.145000,0.153000,0.145000,0.145000,0.153000,0.145000,0.145000,0.145000,0.135000,0.145000,0.145000,0.145000,0.145000,0.145000,0.145000,0.145000,0.145000,0.145000,0.145000
596,0.145000,0.135000,0.135000,0.145000,0.145000,0.153000,0.145000,0.145000,0.153000,0.145000,0.145000,0.145000,0.135000,0.145000,0.145000,0.145000,0.145000,0.145000,0.145000,0.145000,0.145000,0.145000,0.145000
597,0.145000,0.135000,0.135000,0.145000,0.145000,0.153000,0.145000,0.145000,0.153000,0.145000,0.145000,0.145000,0.135000,0.145000,0.145000,0.145000,0.145000,0.145000,0.145000,0.145000,0.145000,0.145000,0.145000
598,0.145000,0.135000,0.135000,0.145000,0.145000,0.153000,0.145000,0.145000,0.153000,0.145000,0.145000,0.145000,0.135000,0.145000,0.145000,0.145000,0.145000,0.145000,0.145000,0.145000,0.145000,0.145000,0.145000
599,0.145000,0.135000,0.135000,0.145000,0.145000,0.153000,0.145000,0.145000,0.153000,0.145000,0.145000,0.145000,0.135000,0.145000,0.145000,0.145000,0.145000,0.145000,0.145000,0.145000,0.145000,0.145000,0.145000
600,0.145000,0.135000,0.135000,0.145000,0.145000,0.153000,0.145000,0.145000,0.153000,0.145000,0.145000,0.145000,0.135000,0.145000,0.145000,0.145000,0.145000,0.145000,0.145000,0.145000,0.145000,0.145000,0.145000
601,0.145000,0.135000,0.135000,0.145000,0.145000,0.153000,0.145000,0.145000,0.153000,0.145000,0.145000,0.145000,0.135000,0.145000,0.145000,0.145000,0.145000,0.145000,0.145000,0.145000,0.145000,0.145000,0.145000
602,0.145000,0.135000,0.135000,0.145000,0.145000,0.153000,0.145000,0.145000,0.153000,0.145000,0.145000,0.145000,0.135000,0.145000,0.145000,0.145000,0.145000,0.145000,0.145000,0.145000,0.145000,0.145000,0.145000
603,0.145000,0.135000,0.135000,0.145000,0.145000,0.153000,0.145000,0.145000,0.153000,0.145000,0.145000,0.145000,0.135000,0.145000,0.145000,0.145000,0.145000,0.145000,0.145000,0.145000,0.145000,0.145000,0.145000
604,0.145000,0.135000,0.135000,0.145000,0.145000,0.153000,0.145000,0.145000,0.153000,0.145000,0.145000,0.145000,0.135000,0.145000,0.145000,0.145000,0.145000,0.145000,0.145000,0.145000,0.145000,0.145000,0.145000
605,0.145000,0.135000,0.135000,0.145000,0.145000,0.153000,0.145000,0.145000,0.153000,0.145000,0.145000,0.145000,0.135000,0.145000,0.145000,0.145000,0.145000,0.145000,0.145000,0.145000,0.145000,0.145000,0.145000
606,0.145000,0.135000,0.135000,0.145000,0.145000,0.153000,0.145000,0.145000,0.153000,0.145000,0.145000,0.145000,0.135000,0.145000,0.145000,0.145000,0.145000,0.145000,0.145000,0.145000,0.145000,0.145000,0.145000
607,0.145000,0.135000,0.135000,0.145000,0.145000,0.153000,0.145000,0.145000,0.153000,0.145000,0.145000,0.145000,0.135000,0.145000,0.145000,0.145000,0.145000,0.145000,0.145000,0.145000,0.145000,0.145000,0.145000
608,0.145000,0.135000,0.135000,0.145000,0.145000,0.153000,0.145000,0.145000,0.153000,0.145000,0.145000,0.145000,0.135000,0.145000,0.145000,0.145000,0.145000,0.145000,0.145000,0.145000,0.145000,0.145000,0.145000
609,0.145000,0.135000,0.135000,0.145000,0.145000,0.153000,0.145000,0.145000,0.153000,0.145000,0.145000,0.145000,0.135000,0.145000,0.145000,0.145000,0.145000,0.145000,0.145000,0.145000,0.145000,0.145000,0.145000
610,0.145000,0.135000,0.135000,0.145000,0.145000,0.153000,0.145000,0.145000,0.153000,0.145000,0.145000,0.145000,0.135000,0.145000,0.145000,0.145000,0.145000,0.145000,0.145000,0.145000,0.145000,0.145000,0.145000
611,0.145000,0.135000,0.135000,0.145000,0.145000,0.153000,0.145000,0.145000,0.153000,0.145000,0.145000,0.145000,0.135000,0.145000,0.145000,0.145000,0.145000,0.145000,0.145000,0.145000,0.145000,0.145000,0.145000
612,0.145000,0.135000,0.135000,0.145000,0.145000,0.153000,0.145000,0.145000,0.153000,0.145000,0.145000,0.145000,0.135000,0.145000,0.145000,0.145000,0.145000,0.145000,0.145000,0.145000,0.145000,0.145000,0.145000
613,0.145000,0.135000,0.135000,0.145000,0.145000,0.153000,0.145000,0.145000,0.153000,0.145000,0.145000,0.145000,0.135000,0.145000,0.145000,0.145000,0.145000,0.145000,0.145000,0.145000,0.145000,0.145000,0.145000
614,0.145000,0.135000,0.135000,0.145000,0.145000,0.153000,0.145000,0.145000,0.153000,0.145000,0.145000,0.145000,0.135000,0.145000,0.145000,0.145000,0.145000,0.145000,0.145000,0.145000,0.145000,0.145000,0.145000
615,0.145000,0.135000,0.135000,0.145000,0.145000,0.153000,0.145000,0.145000,0.153000,0.145000,0.145000,0.145000,0.135000,0.145000,0.145000,0.145000,0.145000,0.145000,0.145000,0.145000,0.145000,0.145000,0.145000
616,0.145000,0.135000,0.135000,0.145000,0.145000,0.153000,0.145000,0.145000,0.153000,0.145000,0.145000,0.145000,0.135000,0.145000,0.145000,0.145000,0.145000,0.145000,0.145000,0.145000,0.145000,0.145000,0.145000
617,0.145000,0.135000,0.135000,0.145000,0.145000,0.153000,0.145000,0.145000,0.153000,0.145000,0.145000,0.145000,0.135000,0.145000,0.145000,0.145000,0.145000,0.145000,0.145000,0.145000,0.145000,0.145000,0.145000
618,0.145000,0.135000,0.135000,0.145000,0.145000,0.153000,0.145000,0.145000,0.153000,0.145000,0.145000,0.145000,0.135000,0.145000,0.145000,0.145000,0.145000,0.145000,0.145000,0.145000,0.145000,0.145000,0.145000
619,0.145000,0.135000,0.135000,0.145000,0.145000,0.153000,0.145000,0.145000,0.153000,0.145000,0.145000,0.145000,0.135000,0.145000,0.145000,0.145000,0.145000,0.145000,0.145000,0.145000,0.145000,0.145000,0.145000
620,0.145000,0.135000,0.135000,0.145000,0.145000,0.153000,0.145000,0.145000,0.153000,0.145000,0.145000,0.145000,0.135000,0.145000,0.145000,0.145000,0.145000,0.145000,0.145000,0.145000,0.145000,0.145000,0.145000
621,0.145000,0.135000,0.135000,0.145000,0.145000,0.153000,0.145000,0.145000,0.153000,0.145000,0.145000,0.145000,0.135000,0.145000,0.145000,0.145000,0.145000,0.145000,0.145000,0.145000,0.145000,0.145000,0.145000
622,0.145000,0.135000,0.135000,0.145000,0.145000,0.153000,0.145000,0.145000,0.153000,0.145000,0.145000,0.145000,0.135000,0.145000,0.145000,0.145000,0.145000,0.145000,0.145000,0.145000,0.145000,0.145000,0.145000
623,0.145000,0.135000,0.135000,0.145000,0.145000,0.153000,0.145000,0.145000,0.153000,0.145000,0.145000,0.145000,0.135000,0.145000,0.145000,0.145000,0.145000,0.145000,0.145000,0.145000,0.145000,0.145000,0.145000
624,0.145000,0.135000,0.135000,0.145000,0.145000,0.153000,0.145000,0.145000,0.153000,0.145000,0.145000,0.145000,0.135000,0.145000,0.145000,0.145000,0.145000,0.145000,0.145000,0.145000,0.145000,0.145000,0.145000
625,0.145000,0.135000,0.135000,0.145000,0.145000,0.153000,0.145000,0.145000,0.153000,0.145000,0.145000,0.145000,0.135000,0.145000,0.145000,0.145000,0.145000,0.145000,0.145000,0.145000,0.145000,0.145000,0.145000
626,0.145000,0.135000,0.135000,0.145000,0.145000,0.153000,0.145000,0.145000,0.153000,0.145000,0.145000,0.145000,0.135000,0.145000,0.145000,0.145000,0.145000,0.145000,0.145000,0.145000,0.145000,0.145000,0.145000
627,0.145000,0.135000,0.135000,0.145000,0.145000,0.153000,0.145000,0.145000,0.153000,0.145000,0.145000,0.145000,0.135000,0.145000,0.145000,0.145000,0.145000,0.145000,0.145000,0.145000,0.145000,0.145000,0.145000
628,0.145000,0.135000,0.135000,0.145000,0.145000,0.153000,0.145000,0.145000,0.153000,0.145000,0.145000,0.145000,0.135000,0.145000,0.145000,0.145000,0.145000,0.145000,0.145000,0.145000,0.145000,0.145000,0.145000
629,0.145000,0.135000,0.135000,0.145000,0.145000,0.153000,0.145000,0.145000,0.153000,0.145000,0.145000,0.145000,0.135000,0.145000,0.145000,0.145000,0.145000,0.145000,0.145000,0.145000,0.145000,0.145000,0.145000
630,0.145000,0.135000,0.135000,0.145000,0.145000,0.153000,0.145000,0.145000,0.153000,0.145000,0.145000,0.145000,0.135000,0.145000,0.145000,0.145000,0.145000,0.145000,0.145000,0.145000,0.145000,0.145000,0.145000
631,0.145000,0.135000,0.135000,0.145000,0.145000,0.153000,0.145000,0.145000,0.153000,0.145000,0.145000,0.145000,0.135000,0.145000,0.145000,0.145000,0.145000,0.145000,0.145000,0.145000,0.145000,0.145000,0.145000
632,0.145000,0.135000,0.135000,0.145000,0.145000,0.153000,0.145000,0.145000,0.153000,0.145000,0.145000,0.145000,0.135000,0.145000,0.145000,0.145000,0.145000,0.145000,0.145000,0.145000,0.145000,0.145000,0.145000
633,0.145000,0.135000,0.135000,0.145000,0.145000,0.153000,0.145000,0.145000,0.153000,0.145000,0.145000,0.145000,0.135000,0.145000,0.145000,0.145000,0.145000,0.145000,0.145000,0.145000,0.145000,0.145000,0.145000
634,0.145000,0.135000,0.135000,0.145000,0.145000,0.153000,0.145000,0.145000,0.153000,0.145000,0.145000,0.145000,0.135000,0.145000,0.145000,0.145000,0.145000,0.145000,0.145000,0.145000,0.145000,0.145000,0.145000
635,0.145000,0.135000,0.135000,0.145000,0.145000,0.153000,0.145000,0.145000,0.153000,0.145000,0.145000,0.145000,0.135000,0.145000,0.145000,0.145000,0.145000,0.145000,0.145000,0.145000,0.145000,0.145000,0.145000
636,0.145000,0.135000,0.135000,0.145000,0.145000,0.153000,0.145000,0.145000,0.153000,0.145000,0.145000,0.145000,0.135000,0.145000,0.145000,0.145000,0.145000,0.145000,0.145000,0.145000,0.145000,0.145000,0.145000
637,0.145000,0.135000,0.135000,0.145000,0.145000,0.153000,0.145000,0.145000,0.153000,0.145000,0.145000,0.145000,0.135000,0.145000,0.145000,0.145000,0.145000,0.145000,0.145000,0.145000,0.145000,0.145000,0.145000
638,0.145000,0.135000,0.135000,0.145000,0.145000,0.153000,0.145000,0.145000,0.153000,0.145000,0.145000,0.145000,0.135000,0.145000,0.145000,0.145000,0.145000,0.145000,0.145000,0.145000,0.145000,0.145000,0.145000
639,0.145000,0.135000,0.135000,0.145000,0.145000,0.153000,0.145000,0.145000,0.153000,0.145000,0.145000,0.145000,0.135000,0.145000,0.145000,0.145000,0.145000,0.145000,0.145000,0.145000,0.145000,0.145000,0.145000
640,0.145000,0.135000,0.135000,0.145000,0.145000,0.153000,0.145000,0.145000,0.153000,0.145000,0.145000,0.145000,0.135000,0.145000,0.145000,0.145000,0.145000,0.145000,0.145000,0.145000,0.145000,0.145000,0.145000
641,0.145000,0.135000,0.135000,0.145000,0.145000,0.153000,0.145000,0.145000,0.153000,0.145000,0.145000,0.145000,0.135000,0.145000,0.145000,0.145000,0.145000,0.145000,0.145000,0.145000,0.145000,0.145000,0.145000
642,0.145000,0.135000,0.135000,0.145000,0.145000,0.153000,0.145000,0.145000,0.153000,0.145000,0.145000,0.145000,0.135000,0.145000,0.145000,0.145000,0.145000,0.145000,0.145000,0.145000,0.145000,0.145000,0.145000
643,0.145000,0.135000,0.135000,0.145000,0.145000,0.153000,0.145000,0.145000,0.153000,0.145000,0.145000,0.145000,0.135000,0.145000,0.145000,0.145000,0.145000,0.145000,0.145000,0.145000,0.145000,0.145000,0.145000
644,0.145000,0.135000,0.135000,0.145000,0.145000,0.153000,0.145000,0.145000,0.153000,0.145000,0.145000,0.145000,0.135000,0.145000,0.145000,0.145000,0.145000,0.145000,0.145000,0.145000,0.145000,0.145000,0.145000
645,0.145000,0.135000,0.135000,0.145000,0.145000,0.153000,0.145000,0.145000,0.153000,0.145000,0.145000,0.145000,0.135000,0.145000,0.145000,0.145000,0.145000,0.145000,0.145000,0.145000,0.145000,0.145000,0.145000
646,0.145000,0.135000,0.135000,0.145000,0.145000,0.153000,0.145000,0.145000,0.153000,0.145000,0.145000,0.145000,0.135000,0.145000,0.145000,0.145000,0.145000,0.145000,0.145000,0.145000,0.145000,0.145000,0.145000
647,0.145000,0.135000,0.135000,0.145000,0.145000,0.153000,0.145000,0.145000,0.153000,0.145000,0.145000,0.145000,0.135000,0.145000,0.145000,0.145000,0.145000,0.145000,0.145000,0.145000,0.145000,0.145000,0.145000
648,0.145000,0.135000,0.135000,0.145000,0.145000,0.153000,0.145000,0.145000,0.153000,0.145000,0.145000,0.145000,0.135000,0.145000,0.145000,0.145000,0.145000,0.145000,0.145000,0.145000,0.145000,0.145000,0.145000
649,0.145000,0.135000,0.135000,0.145000,0.145000,0.153000,0.145000,0.145000,0.153000,0.145000,0.145000,0.145000,0.135000,0.145000,0.145000,0.145000,0.145000,0.145000,0.145000,0.145000,0.145000,0.145000,0.145000
650,0.145000,0.135000,0.135000,0.145000,0.145000,0.153000,0.145000,0.145000,0.153000,0.145000,0.145000,0.145000,0.135000,0.145000,0.145000,0.145000,0.145000,0.145000,0.145000,0.145000,0.145000,0.145000,0.145000
651,0.145000,0.135000,0.135000,0.145000,0.145000,0.153000,0.145000,0.145000,0.153000,0.145000,0.145000,0.145000,0.135000,0.145000,0.145000,0.145000,0.145000,0.145000,0.145000,0.145000,0.145000,0.145000,0.145000
652,0.145000,0.135000,0.135000,0.145000,0.145000,0.153000,0.145000,0.145000,0.153000,0.145000,0.145000,0.145000,0.135000,0.145000,0.145000,0.145000,0.145000,0.145000,0.145000,0.145000,0.145000,0.145000,0.145000
653,0.145000,0.135000,0.135000,0.145000,0.145000,0.153000,0.145000,0.145000,0.153000,0.145000,0.145000,0.145000,0.135000,0.145000,0.145000,0.145000,0.145000,0.145000,0.145000,0.145000,0.145000,0.145000,0.145000
654,0.145000,0.135000,0.135000,0.145000,0.145000,0.153000,0.145000,0.145000,0.153000,0.145000,0.145000,0.145000,0.135000,0.145000,0.145000,0.145000,0.145000,0.145000,0.145000,0.145000,0.145000,0.145000,0.145000
655,0.145000,0.135000,0.135000,0.145000,0.145000,0.153000,0.145000,0.145000,0.153000,0.145000,0.145000,0.145000,0.135000,0.145000,0.145000,0.145000,0.145000,0.145000,0.145000,0.145000,0.145000,0.145000,0.145000
656,0.145000,0.135000,0.135000,0.145000,0.145000,0.153000,0.145000,0.145000,0.153000,0.145000,0.145000,0.145000,0.135000,0.145000,0.145000,0.145000,0.145000,0.145000,0.145000,0.145000,0.145000,0.145000,0.145000
657,0.145000,0.135000,0.135000,0.145000,0.145000,0.153000,0.145000,0.145000,0.153000,0.145000,0.145000,0.145000,0.135000,0.145000,0.145000,0.145000,0.145000,0.145000,0.145000,0.145000,0.145000,0.145000,0.145000
658,0.145000,0.135000,0.135000,0.145000,0.145000,0.153000,0.145000,0.145000,0.153000,0.145000,0.145000,0.145000,0.135000,0.145000,0.145000,0.145000,0.145000,0.145000,0.145000,0.145000,0.145000,0.145000,0.145000
659,0.145000,0.135000,0.135000,0.145000,0.145000,0.153000,0.145000,0.145000,0.153000,0.145000,0.145000,0.145000,0.135000,0.145000,0.145000,0.145000,0.145000,0.145000,0.145000,0.145000,0.145000,0.145000,0.145000
660,0.145000,0.135000,0.135000,0.145000,0.145000,0.153000,0.145000,0.145000,0.153000,0.145000,0.145000,0.145000,0.135000,0.145000,0.145000,0.145000,0.145000,0.145000,0.145000,0.145000,0.145000,0.145000,0.145000
661,0.145000,0.135000,0.135000,0.145000,0.145000,0.153000,0.145000,0.145000,0.153000,0.145000,0.145000,0.145000,0.135000,0.145000,0.145000,0.145000,0.145000,0.145000,0.145000,0.145000,0.145000,0.145000,0.145000
662,0.145000,0.135000,0.135000,0.145000,0.145000,0.153000,0.145000,0.145000,0.153000,0.145000,0.145000,0.145000,0.135000,0.145000,0.145000,0.145000,0.145000,0.145000,0.145000,0.145000,0.145000,0.145000,0.145000
663,0.145000,0.135000,0.135000,0.145000,0.145000,0.153000,0.145000,0.145000,0.153000,0.145000,0.145000,0.145000,0.135000,0.145000,0.145000,0.145000,0.145000,0.145000,0.145000,0.145000,0.145000,0.145000,0.145000
664,0.145000,0.135000,0.135000,0.145000,0.145000,0.153000,0.145000,0.145000,0.153000,0.145000,0.145000,0.145000,0.135000,0.145000,0.145000,0.145000,0.145000,0.145000,0.145000,0.145000,0.145000,0.145000,0.145000
665,0.145000,0.135000,0.135000,0.145000,0.145000,0.153000,0.145000,0.145000,0.153000,0.145000,0.145000,0.145000,0.135000,0.145000,0.145000,0.145000,0.145000,0.145000,0.145000,0.145000,0.145000,0.145000,0.145000
666,0.145000,0.135000,0.135000,0.145000,0.145000,0.153000,0.145000,0.145000,0.153000,0.145000,0.145000,0.145000,0.135000,0.145000,0.145000,0.145000,0.145000,0.145000,0.145000,0.145000,0.145000,0.145000,0.145000
667,0.145000,0.135000,0.135000,0.145000,0.145000,0.153000,0.145000,0.145000,0.153000,0.145000,0.145000,0.145000,0.135000,0.145000,0.145000,0.145000,0.145000,0.145000,0.145000,0.145000,0.145000,0.145000,0.145000
668,0.145000,0.135000,0.135000,0.145000,0.145000,0.153000,0.145000,0.145000,0.153000,0.145000,0.145000,0.145000,0.135000,0.145000,0.145000,0.145000,0.145000,0.145000,0.145000,0.145000,0.145000,0.145000,0.145000
669,0.145000,0.135000,0.135000,0.145000,0.145000,0.153000,0.145000,0.145000,0.153000,0.145000,0.145000,0.145000,0.135000,0.145000,0.145000,0.145000,0.145000,0.145000,0.145000,0.145000,0.145000,0.145000,0.145000
670,0.145000,0.135000,0.135000,0.145000,0.145000,0.153000,0.145000,0.145000,0.153000,0.145000,0.145000,0.145000,0.135000,0.145000,0.145000,0.145000,0.145000,0.145000,0.145000,0.145000,0.145000,0.145000,0.145000
671,0.145000,0.135000,0.135000,0.145000,0.145000,0.153000,0.145000,0.145000,0.153000,0.145000,0.145000,0.145000,0.135000,0.145000,0.145000,0.145000,0.145000,0.145000,0.145000,0.145000,0.145000,0.145000,0.145000
672,0.145000,0.135000,0.135000,0.145000,0.145000,0.153000,0.145000,0.145000,0.153000,0.145000,0.145000,0.145000,0.135000,0.145000,0.145000,0.145000,0.145000,0.145000,0.145000,0.145000,0.145000,0.145000,0.145000
673,0.145000,0.135000,0.135000,0.145000,0.145000,0.153000,0.145000,0.145000,0.153000,0.145000,0.145000,0.145000,0.135000,0.145000,0.145000,0.145000,0.145000,0.145000,0.145000,0.145000,0.145000,0.145000,0.145000
674,0.145000,0.135000,0.135000,0.145000,0.145000,0.153000,0.145000,0.145000,0.153000,0.145000,0.145000,0.145000,0.135000,0.145000,0.145000,0.145000,0.145000,0.145000,0.145000,0.145000,0.145000,0.145000,0.145000
675,0.145000,0.135000,0.135000,0.145000,0.145000,0.153000,0.145000,0.145000,0.153000,0.145000,0.145000,0.145000,0.135000,0.145000,0.145000,0.145000,0.145000,0.145000,0.145000,0.145000,0.145000,0.145000,0.145000
676,0.145000,0.135000,0.135000,0.145000,0.145000,0.153000,0.145000,0.145000,0.153000,0.145000,0.145000,0.145000,0.135000,0.145000,0.145000,0.145000,0.145000,0.145000,0.145000,0.145000,0.145000,0.145000,0.145000
677,0.145000,0.135000,0.135000,0.145000,0.145000,0.153000,0.145000,0.145000,0.153000,0.145000,0.145000,0.145000,0.135000,0.145000,0.145000,0.145000,0.145000,0.145000,0.145000,0.145000,0.145000,0.145000,0.145000
678,0.145000,0.135000,0.135000,0.145000,0.145000,0.153000,0.145000,0.145000,0.153000,0.145000,0.145000,0.145000,0.135000,0.145000,0.145000,0.145000,0.145000,0.145000,0.145000,0.145000,0.145000,0.145000,0.145000
679,0.145000,0.135000,0.135000,0.145000,0.145000,0.153000,0.145000,0.145000,0.153000,0.145000,0.145000,0.145000,0.135000,0.145000,0.145000,0.145000,0.145000,0.145000,0.145000,0.145000,0.145000,0.145000,0.145000
680,0.145000,0.135000,0.135000,0.145000,0.145000,0.153000,0.145000,0.145000,0.153000,0.145000,0.145000,0.145000,0.135000,0.145000,0.145000,0.145000,0.145000,0.145000,0.145000,0.145000,0.145000,0.145000,0.145000
681,0.145000,0.135000,0.135000,0.145000,0.145000,0.153000,0.145000,0.145000,0.153000,0.145000,0.145000,0.145000,0.135000,0.145000,0.145000,0.145000,0.145000,0.145000,0.145000,0.145000,0.145000,0.145000,0.145000
682,0.145000,0.135000,0.135000,0.145000,0.145000,0.153000,0.145000,0.145000,0.153000,0.145000,0.145000,0.145000,0.135000,0.145000,0.145000,0.145000,0.145000,0.145000,0.145000,0.145000,0.145000,0.145000,0.145000
683,0.145000,0.135000,0.135000,0.145000,0.145000,0.153000,0.145000,0.145000,0.153000,0.145000,0.145000,0.145000,0.135000,0.145000,0.145000,0.145000,0.145000,0.145000,0.145000,0.145000,0.145000,0.145000,0.145000
684,0.145000,0.135000,0.135000,0.145000,0.145000,0.153000,0.145000,0.145000,0.153000,0.145000,0.145000,0.145000,0.135000,0.145000,0.145000,0.145000,0.145000,0.145000,0.145000,0.145000,0.145000,0.145000,0.145000
685,0.145000,0.135000,0.135000,0.145000,0.145000,0.153000,0.145000,0.145000,0.153000,0.145000,0.145000,0.145000,0.135000,0.145000,0.145000,0.145000,0.145000,0.145000,0.145000,0.145000,0.145000,0.145000,0.145000
686,0.145000,0.135000,0.135000,0.145000,0.145000,0.153000,0.145000,0.145000,0.153000,0.145000,0.145000,0.145000,0.135000,0.145000,0.145000,0.145000,0.145000,0.145000,0.145000,0.145000,0.145000,0.145000,0.145000
687,0.145000,0.135000,0.135000,0.145000,0.145000,0.153000,0.145000,0.145000,0.153000,0.145000,0.145000,0.145000,0.135000,0.145000,0.145000,0.145000,0.145000,0.145000,0.145000,0.145000,0.145000,0.145000,0.145000
688,0.145000,0.135000,0.135000,0.145000,0.145000,0.153000,0.145000,0.145000,0.153000,0.145000,0.145000,0.145000,0.135000,0.145000,0.145000,0.145000,0.145000,0.145000,0.145000,0.145000,0.145000,0.145000,0.145000
689,0.145000,0.135000,0.135000,0.145000,0.145000,0.153000,0.145000,0.145000,0.153000,0.145000,0.145000,0.145000,0.135000,0.145000,0.145000,0.145000,0.145000,0.145000,0.145000,0.145000,0.145000,0.145000,0.145000
690,0.145000,0.135000,0.135000,0.145000,0.145000,0.153000,0.145000,0.145000,0.153000,0.145000,0.145000,0.145000,0.135000,0.145000,0.145000,0.145000,0.145000,0.145000,0.145000,0.145000,0.145000,0.145000,0.145000
691,0.145000,0.135000,0.135000,0.145000,0.145000,0.153000,0.145000,0.145000,0.153000,0.145000,0.145000,0.145000,0.135000,0.145000,0.145000,0.145000,0.145000,0.145000,0.145000,0.145000,0.145000,0.145000,0.145000
692,0.145000,0.135000,0.135000,0.145000,0.145000,0.153000,0.145000,0.145000,0.153000,0.145000,0.145000,0.145000,0.135000,0.145000,0.145000,0.145000,0.145000,0.145000,0.145000,0.145000,0.145000,0.145000,0.145000
693,0.145000,0.135000,0.135000,0.145000,0.145000,0.153000,0.145000,0.145000,0.153000,0.145000,0.145000,0.145000,0.135000,0.145000,0.145000,0.145000,0.145000,0.145000,0.145000,0.145000,0.145000,0.145000,0.145000
694,0.145000,0.135000,0.135000,0.145000,0.145000,0.153000,0.145000,0.145000,0.153000,0.145000,0.145000,0.145000,0.135000,0.145000,0.145000,0.145000,0.145000,0.145000,0.145000,0.145000,0.145000,0.145000,0.145000
695,0.145000,0.135000,0.135000,0.145000,0.145000,0.153000,0.145000,0.145000,0.153000,0.145000,0.145000,0.145000,0.135000,0.145000,0.145000,0.145000,0.145000,0.145000,0.145000,0.145000,0.145000,0.145000,0.145000
696,0.145000,0.135000,0.135000,0.145000,0.145000,0.153000,0.145000,0.145000,0.153000,0.145000,0.145000,0.145000,0.135000,0.145000,0.145000,0.145000,0.145000,0.145000,0.145000,0.145000,0.145000,0.145000,0.145000
697,0.145000,0.135000,0.135000,0.145000,0.145000,0.153000,0.145000,0.145000,0.153000,0.145000,0.145000,0.145000,0.135000,0.145000,0.145000,0.145000,0.145000,0.145000,0.145000,0.145000,0.145000,0.145000,0.145000
698,0.145000,0.135000,0.135000,0.145000,0.145000,0.153000,0.145000,0.145000,0.153000,0.145000,0.145000,0.145000,0.135000,0.145000,0.145000,0.145000,0.145000,0.145000,0.145000,0.145000,0.145000,0.145000,0.145000
699,0.145000,0.135000,0.135000,0.145000,0.145000,0.153000,0.145000,0.145000,0.153000,0.145000,0.145000,0.145000,0.135000,0.145000,0.145000,0.145000,0.145000,0.145000,0.145000,0.145000,0.145000,0.145000,0.145000
700,0.145000,0.135000,0.135000,0.145000,0.145000,0.153000,0.145000,0.145000,0.153000,0.145000,0.145000,0.145000,0.135000,0.145000,0.145000,0.145000,0.145000,0.145000,0.145000,0.145000,0.145000,0.145000,0.145000
701,0.145000,0.135000,0.135000,0.145000,0.145000,0.153000,0.145000,0.145000,0.153000,0.145000,0.145000,0.145000,0.135000,0.145000,0.145000,0.145000,0.145000,0.145000,0.145000,0.145000,0.145000,0.145000,0.145000
702,0.145000,0.135000,0.135000,0.145000,0.145000,0.153000,0.145000,0.145000,0.153000,0.145000,0.145000,0.145000,0.135000,0.145000,0.145000,0.145000,0.145000,0.145000,0.145000,0.145000,0.145000,0.145000,0.145000
703,0.145000,0.135000,0.135000,0.145000,0.145000,0.153000,0.145000,0.145000,0.153000,0.145000,0.145000,0.145000,0.135000,0.145000,0.145000,0.145000,0.145000,0.145000,0.145000,0.145000,0.145000,0.145000,0.145000
704,0.145000,0.135000,0.135000,0.145000,0.145000,0.153000,0.145000,0.145000,0.153000,0.145000,0.145000,0.145000,0.135000,0.145000,0.145000,0.145000,0.145000,0.145000,0.145000,0.145000,0.145000,0.145000,0.145000
705,0.145000,0.135000,0.135000,0.145000,0.145000,0.153000,0.145000,0.145000,0.153000,0.145000,0.145000,0.145000,0.135000,0.145000,0.145000,0.145000,0.145000,0.145000,0.145000,0.145000,0.145000,0.145000,0.145000
706,0.145000,0.135000,0.135000,0.145000,0.145000,0.153000,0.145000,0.145000,0.153000,0.145000,0.145000,0.145000,0.135000,0.145000,0.145000,0.145000,0.145000,0.145000,0.145000,0.145000,0.145000,0.145000,0.145000
707,0.145000,0.135000,0.135000,0.145000,0.145000,0.153000,0.145000,0.145000,0.153000,0.145000,0.145000,0.145000,0.135000,0.145000,0.145000,0.145000,0.145000,0.145000,0.145000,0.145000,0.145000,0.145000,0.145000
708,0.145000,0.135000,0.135000,0.145000,0.145000,0.153000,0.145000,0.145000,0.153000,0.145000,0.145000,0.145000,0.135000,0.145000,0.145000,0.145000,0.145000,0.145000,0.145000,0.145000,0.145000,0.145000,0.145000
709,0.145000,0.135000,0.135000,0.145000,0.145000,0.153000,0.145000,0.145000,0.153000,0.145000,0.145000,0.145000,0.135000,0.145000,0.145000,0.145000,0.145000,0.145000,0.145000,0.145000,0.145000,0.145000,0.145000
710,0.145000,0.135000,0.135000,0.145000,0.145000,0.153000,0.145000,0.145000,0.153000,0.145000,0.145000,0.145000,0.135000,0.145000,0.145000,0.145000,0.145000,0.145000,0.145000,0.145000,0.145000,0.145000,0.145000
711,0.145000,0.135000,0.135000,0.145000,0.145000,0.153000,0.145000,0.145000,0.153000,0.145000,0.145000,0.145000,0.135000,0.145000,0.145000,0.145000,0.145000,0.145000,0.145000,0.145000,0.145000,0.145000,0.145000
712,0.145000,0.135000,0.135000,0.145000,0.145000,0.153000,0.145000,0.145000,0.153000,0.145000,0.145000,0.145000,0.135000,0.145000,0.145000,0.145000,0.145000,0.145000,0.145000,0.145000,0.145000,0.145000,0.145000
713,0.145000,0.135000,0.135000,0.145000,0.145000,0.153000,0.145000,0.145000,0.153000,0.145000,0.145000,0.145000,0.135000,0.145000,0.145000,0.145000,0.145000,0.145000,0.145000,0.145000,0.145000,0.145000,0.145000
714,0.145000,0.135000,0.135000,0.145000,0.145000,0.153000,0.145000,0.145000,0.153000,0.145000,0.145000,0.145000,0.135000,0.145000,0.145000,0.145000,0.145000,0.145000,0.145000,0.145000,0.145000,0.145000,0.145000
715,0.145000,0.135000,0.135000,0.145000,0.145000,0.153000,0.145000,0.145000,0.153000,0.145000,0.145000,0.145000,0.135000,0.145000,0.145000,0.145000,0.145000,0.145000,0.145000,0.145000,0.145000,0.145000,0.145000
716,0.145000,0.135000,0.135000,0.145000,0.145000,0.153000,0.145000,0.145000,0.153000,0.145000,0.145000,0.145000,0.135000,0.145000,0.145000,0.145000,0.145000,0.145000,0.145000,0.145000,0.145000,0.145000,0.145000
717,0.145000,0.135000,0.135000,0.145000,0.145000,0.153000,0.145000,0.145000,0.153000,0.145000,0.145000,0.145000,0.135000,0.145000,0.145000,0.145000,0.145000,0.145000,0.145000,0.145000,0.145000,0.145000,0.145000
718,0.145000,0.135000,0.135000,0.145000,0.145000,0.153000,0.145000,0.145000,0.153000,0.145000,0.145000,0.145000,0.135000,0.145000,0.145000,0.145000,0.145000,0.145000,0.145000,0.145000,0.145000,0.145000,0.145000
719,0.145000,0.135000,0.135000,0.145000,0.145000,0.153000,0.145000,0.145000,0.153000,0.145000,0.145000,0.145000,0.135000,0.145000,0.145000,0.145000,0.145000,0.145000,0.145000,0.145000,0.145000,0.145000,0.145000
720,0.145000,0.135000,0.135000,0.145000,0.145000,0.153000,0.145000,0.145000,0.153000,0.145000,0.145000,0.145000,0.135000,0.145000,0.145000,0.145000,0.145000,0.145000,0.145000,0.145000,0.145000,0.145000,0.145000
721,0.145000,0.135000,0.135000,0.145000,0.145000,0.153000,0.145000,0.145000,0.153000,0.145000,0.145000,0.145000,0.135000,0.145000,0.145000,0.145000,0.145000,0.145000,0.145000,0.145000,0.145000,0.145000,0.145000
722,0.145000,0.135000,0.135000,0.145000,0.145000,0.153000,0.145000,0.145000,0.153000,0.145000,0.145000,0.145000,0.135000,0.145000,0.145000,0.145000,0.145000,0.145000,0.145000,0.145000,0.145000,0.145000,0.145000
723,0.145000,0.135000,0.135000,0.145000,0.145000,0.153000,0.145000,0.145000,0.153000,0.145000,0.145000,0.145000,0.135000,0.145000,0.145000,0.145000,0.145000,0.145000,0.145000,0.145000,0.145000,0.145000,0.145000
724,0.145000,0.135000,0.135000,0.145000,0.145000,0.153000,0.145000,0.145000,0.153000,0.145000,0.145000,0.145000,0.135000,0.145000,0.145000,0.145000,0.145000,0.145000,0.145000,0.145000,0.145000,0.145000,0.145000
725,0.145000,0.135000,0.135000,0.145000,0.145000,0.153000,0.145000,0.145000,0.153000,0.145000,0.145000,0.145000,0.135000,0.145000,0.145000,0.145000,0.145000,0.145000,0.145000,0.145000,0.145000,0.145000,0.145000
726,0.145000,0.135000,0.135000,0.145000,0.145000,0.153000,0.145000,0.145000,0.153000,0.145000,0.145000,0.145000,0.135000,0.145000,0.145000,0.145000,0.145000,0.145000,0.145000,0.145000,0.145000,0.145000,0.145000
727,0.145000,0.135000,0.135000,0.145000,0.145000,0.153000,0.145000,0.145000,0.153000,0.145000,0.145000,0.145000,0.135000,0.145000,0.145000,0.145000,0.145000,0.145000,0.145000,0.145000,0.145000,0.145000,0.145000
728,0.145000,0.135000,0.135000,0.145000,0.145000,0.153000,0.145000,0.145000,0.153000,0.145000,0.145000,0.145000,0.135000,0.145000,0.145000,0.145000,0.145000,0.145000,0.145000,0.145000,0.145000,0.145000,0.145000
729,0.145000,0.135000,0.135000,0.145000,0.145000,0.153000,0.145000,0.145000,0.153000,0.145000,0.145000,0.145000,0.135000,0.145000,0.145000,0.145000,0.145000,0.145000,0.145000,0.145000,0.145000,0.145000,0.145000
730,0.145000,0.135000,0.135000,0.145000,0.145000,0.153000,0.145000,0.145000,0.153000,0.145000,0.145000,0.145000,0.135000,0.145000,0.145000,0.145000,0.145000,0.145000,0.145000,0.145000,0.145000,0.145000,0.145000
731,0.145000,0.135000,0.135000,0.145000,0.145000,0.153000,0.145000,0.145000,0.153000,0.145000,0.145000,0.145000,0.135000,0.145000,0.145000,0.145000,0.145000,0.145000,0.145000,0.145000,0.145000,0.145000,0.145000
732,0.145000,0.135000,0.135000,0.145000,0.145000,0.153000,0.145000,0.145000,0.153000,0.145000,0.145000,0.145000,0.135000,0.145000,0.145000,0.145000,0.145000,0.145000,0.145000,0.145000,0.145000,0.145000,0.145000
733,0.145000,0.135000,0.135000,0.145000,0.145000,0.153000,0.145000,0.145000,0.153000,0.145000,0.145000,0.145000,0.135000,0.145000,0.145000,0.145000,0.145000,0.145000,0.145000,0.145000,0.145000,0.145000,0.145000
734,0.145000,0.135000,0.135000,0.145000,0.145000,0.153000,0.145000,0.145000,0.153000,0.145000,0.145000,0.145000,0.135000,0.145000,0.145000,0.145000,0.145000,0.145000,0.145000,0.145000,0.145000,0.145000,0.145000
735,0.145000,0.135000,0.135000,0.145000,0.145000,0.153000,0.145000,0.145000,0.153000,0.145000,0.145000,0.145000,0.135000,0.145000,0.145000,0.145000,0.145000,0.145000,0.145000,0.145000,0.145000,0.145000,0.145000
736,0.145000,0.135000,0.135000,0.145000,0.145000,0.153000,0.145000,0.145000,0.153000,0.145000,0.145000,0.145000,0.135000,0.145000,0.145000,0.145000,0.145000,0.145000,0.145000,0.145000,0.145000,0.145000,0.145000
737,0.145000,0.135000,0.135000,0.145000,0.145000,0.153000,0.145000,0.145000,0.153000,0.145000,0.145000,0.145000,0.135000,0.145000,0.145000,0.145000,0.145000,0.145000,0.145000,0.145000,0.145000,0.145000,0.145000
738,0.145000,0.135000,0.135000,0.145000,0.145000,0.153000,0.145000,0.145000,0.153000,0.145000,0.145000,0.145000,0.135000,0.145000,0.145000,0.145000,0.145000,0.145000,0.145000,0.145000,0.145000,0.145000,0.145000
739,0.145000,0.135000,0.135000,0.145000,0.145000,0.153000,0.145000,0.145000,0.153000,0.145000,0.145000,0.145000,0.135000,0.145000,0.145000,0.145000,0.145000,0.145000,0.145000,0.145000,0.145000,0.145000,0.145000
740,0.145000,0.135000,0.135000,0.145000,0.145000,0.153000,0.145000,0.145000,0.153000,0.145000,0.145000,0.145000,0.135000,0.145000,0.145000,0.145000,0.145000,0.145000,0.145000,0.145000,0.145000,0.145000,0.145000
741,0.145000,0.135000,0.135000,0.145000,0.145000,0.153000,0.145000,0.145000,0.153000,0.145000,0.145000,0.145000,0.135000,0.145000,0.145000,0.145000,0.145000,0.145000,0.145000,0.145000,0.145000,0.145000,0.145000
742,0.145000,0.135000,0.135000,0.145000,0.145000,0.153000,0.145000,0.145000,0.153000,0.145000,0.145000,0.145000,0.135000,0.145000,0.145000,0.145000,0.145000,0.145000,0.145000,0.145000,0.145000,0.145000,0.145000
743,0.145000,0.135000,0.135000,0.145000,0.145000,0.153000,0.145000,0.145000,0.153000,0.145000,0.145000,0.145000,0.135000,0.145000,0.145000,0.145000,0.145000,0.145000,0.145000,0.145000,0.145000,0.145000,0.145000
744,0.145000,0.135000,0.135000,0.145000,0.145000,0.153000,0.145000,0.145000,0.153000,0.145000,0.145000,0.145000,0.135000,0.145000,0.145000,0.145000,0.145000,0.145000,0.145000,0.145000,0.145000,0.145000,0.145000
745,0.145000,0.135000,0.135000,0.145000,0.145000,0.153000,0.145000,0.145000,0.153000,0.145000,0.145000,0.145000,0.135000,0.145000,0.145000,0.145000,0.145000,0.145000,0.145000,0.145000,0.145000,0.145000,0.145000
746,0.145000,0.135000,0.135000,0.145000,0.145000,0.153000,0.145000,0.145000,0.153000,0.145000,0.145000,0.145000,0.135000,0.145000,0.145000,0.145000,0.145000,0.145000,0.145000,0.145000,0.145000,0.145000,0.145000
747,0.145000,0.135000,0.135000,0.145000,0.145000,0.153000,0.145000,0.145000,0.153000,0.145000,0.145000,0.145000,0.135000,0.145000,0.145000,0.145000,0.145000,0.145000,0.145000,0.145000,0.145000,0.145000,0.145000
748,0.145000,0.135000,0.135000,0.145000,0.145000,0.153000,0.145000,0.145000,0.153000,0.145000,0.145000,0.145000,0.135000,0.145000,0.145000,0.145000,0.145000,0.145000,0.145000,0.145000,0.145000,0.145000,0.145000
749,0.145000,0.135000,0.135000,0.145000,0.145000,0.153000,0.145000,0.145000,0.153000,0.145000,0.145000,0.145000,0.135000,0.145000,0.145000,0.145000,0.145000,0.145000,0.145000,0.145000,0.145000,0.145000,0.145000
750,0.145000,0.135000,0.135000,0.145000,0.145000,0.153000,0.145000,0.145000,0.153000,0.145000,0.145000,0.145000,0.135000,0.145000,0.145000,0.145000,0.145000,0.145000,0.145000,0.145000,0.145000,0.145000,0.145000
751,0.145000,0.135000,0.135000,0.145000,0.145000,0.153000,0.145000,0.145000,0.153000,0.145000,0.145000,0.145000,0.135000,0.145000,0.145000,0.145000,0.145000,0.145000,0.145000,0.145000,0.145000,0.145000,0.145000
752,0.145000,0.135000,0.135000,0.145000,0.145000,0.153000,0.145000,0.145000,0.153000,0.145000,0.145000,0.145000,0.135000,0.145000,0.145000,0.145000,0.145000,0.145000,0.145000,0.145000,0.145000,0.145000,0.145000
753,0.145000,0.135000,0.135000,0.145000,0.145000,0.153000,0.145000,0.145000,0.153000,0.145000,0.145000,0.145000,0.135000,0.145000,0.145000,0.145000,0.145000,0.145000,0.145000,0.145000,0.145000,0.145000,0.145000
754,0.145000,0.135000,0.135000,0.145000,0.145000,0.153000,0.145000,0.145000,0.153000,0.145000,0.145000,0.145000,0.135000,0.145000,0.145000,0.145000,0.145000,0.145000,0.145000,0.145000,0.145000,0.145000,0.145000
755,0.145000,0.135000,0.135000,0.145000,0.145000,0.153000,0.145000,0.145000,0.153000,0.145000,0.145000,0.145000,0.135000,0.145000,0.145000,0.145000,0.145000,0.145000,0.145000,0.145000,0.145000,0.145000,0.145000
756,0.145000,0.135000,0.135000,0.145000,0.145000,0.153000,0.145000,0.145000,0.153000,0.145000,0.145000,0.145000,0.135000,0.145000,0.145000,0.145000,0.145000,0.145000,0.145000,0.145000,0.145000,0.145000,0.145000
757,0.145000,0.135000,0.135000,0.145000,0.145000,0.153000,0.145000,0.145000,0.153000,0.145000,0.145000,0.145000,0.135000,0.145000,0.145000,0.145000,0.145000,0.145000,0.145000,0.145000,0.145000,0.145000,0.145000
758,0.145000,0.135000,0.135000,0.145000,0.145000,0.153000,0.145000,0.145000,0.153000,0.145000,0.145000,0.145000,0.135000,0.145000,0.145000,0.145000,0.145000,0.145000,0.145000,0.145000,0.145000,0.145000,0.145000
759,0.145000,0.135000,0.135000,0.145000,0.145000,0.153000,0.145000,0.145000,0.153000,0.145000,0.145000,0.145000,0.135000,0.145000,0.145000,0.145000,0.145000,0.145000,0.145000,0.145000,0.145000,0.145000,0.145000
760,0.145000,0.135000,0.135000,0.145000,0.145000,0.153000,0.145000,0.145000,0.153000,0.145000,0.145000,0.145000,0.135000,0.145000,0.145000,0.145000,0.145000,0.145000,0.145000,0.145000,0.145000,0.145000,0.145000
761,0.145000,0.135000,0.135000,0.145000,0.145000,0.153000,0.145000,0.145000,0.153000,0.145000,0.145000,0.145000,0.135000,0.145000,0.145000,0.145000,0.145000,0.145000,0.145000,0.145000,0.145000,0.145000,0.145000
762,0.145000,0.135000,0.135000,0.145000,0.145000,0.153000,0.145000,0.145000,0.153000,0.145000,0.145000,0.145000,0.135000,0.145000,0.145000,0.145000,0.145000,0.145000,0.145000,0.145000,0.145000,0.145000,0.145000
763,0.145000,0.135000,0.135000,0.145000,0.145000,0.153000,0.145000,0.145000,0.153000,0.145000,0.145000,0.145000,0.135000,0.145000,0.145000,0.145000,0.145000,0.145000,0.145000,0.145000,0.145000,0.145000,0.145000
764,0.145000,0.135000,0.135000,0.145000,0.145000,0.153000,0.145000,0.145000,0.153000,0.145000,0.145000,0.145000,0.135000,0.145000,0.145000,0.145000,0.145000,0.145000,0.145000,0.145000,0.145000,0.145000,0.145000
765,0.145000,0.135000,0.135000,0.145000,0.145000,0.153000,0.145000,0.145000,0.153000,0.145000,0.145000,0.145000,0.135000,0.145000,0.145000,0.145000,0.145000,0.145000,0.145000,0.145000,0.145000,0.145000,0.145000
766,0.145000,0.135000,0.135000,0.145000,0.145000,0.153000,0.145000,0.145000,0.153000,0.145000,0.145000,0.145000,0.135000,0.145000,0.145000,0.145000,0.145000,0.145000,0.145000,0.145000,0.145000,0.145000,0.145000
767,0.145000,0.135000,0.135000,0.145000,0.145000,0.153000,0.145000,0.145000,0.153000,0.145000,0.145000,0.145000,0.135000,0.145000,0.145000,0.145000,0.145000,0.145000,0.145000,0.145000,0.145000,0.145000,0.145000
768,0.145000,0.135000,0.135000,0.145000,0.145000,0.153000,0.145000,0.145000,0.153000,0.145000,0.145000,0.145000,0.135000,0.145000,0.145000,0.145000,0.145000,0.145000,0.145000,0.145000,0.145000,0.145000,0.145000
769,0.145000,0.135000,0.135000,0.145000,0.145000,0.153000,0.145000,0.145000,0.153000,0.145000,0.145000,0.145000,0.135000,0.145000,0.145000,0.145000,0.145000,0.145000,0.145000,0.145000,0.145000,0.145000,0.145000
770,0.145000,0.135000,0.135000,0.145000,0.145000,0.153000,0.145000,0.145000,0.153000,0.145000,0.145000,0.145000,0.135000,0.145000,0.145000,0.145000,0.145000,0.145000,0.145000,0.145000,0.145000,0.145000,0.145000
771,0.145000,0.135000,0.135000,0.145000,0.145000,0.153000,0.145000,0.145000,0.153000,0.145000,0.145000,0.145000,0.135000,0.145000,0.145000,0.145000,0.145000,0.145000,0.145000,0.145000,0.145000,0.145000,0.145000
772,0.145000,0.135000,0.135000,0.145000,0.145000,0.153000,0.145000,0.145000,0.153000,0.145000,0.145000,0.145000,0.135000,0.145000,0.145000,0.145000,0.145000,0.145000,0.145000,0.145000,0.145000,0.145000,0.145000
773,0.145000,0.135000,0.135000,0.145000,0.145000,0.153000,0.145000,0.145000,0.153000,0.145000,0.145000,0.145000,0.135000,0.145000,0.145000,0.145000,0.145000,0.145000,0.145000,0.145000,0.145000,0.145000,0.145000
774,0.145000,0.135000,0.135000,0.145000,0.145000,0.153000,0.145000,0.145000,0.153000,0.145000,0.145000,0.145000,0.135000,0.145000,0.145000,0.145000,0.145000,0.145000,0.145000,0.145000,0.145000,0.145000,0.145000
775,0.145000,0.135000,0.135000,0.145000,0.145000,0.153000,0.145000,0.145000,0.153000,0.145000,0.145000,0.145000,0.135000,0.145000,0.145000,0.145000,0.145000,0.145000,0.145000,0.145000,0.145000,0.145000,0.145000
776,0.145000,0.135000,0.135000,0.145000,0.145000,0.153000,0.145000,0.145000,0.153000,0.145000,0.145000,0.145000,0.135000,0.145000,0.145000,0.145000,0.145000,0.145000,0.145000,0.145000,0.145000,0.145000,0.145000
777,0.145000,0.135000,0.135000,0.145000,0.145000,0.153000,0.145000,0.145000,0.153000,0.145000,0.145000,0.145000,0.135000,0.145000,0.145000,0.145000,0.145000,0.145000,0.145000,0.145000,0.145000,0.145000,0.145000
778,0.145000,0.135000,0.135000,0.145000,0.145000,0.153000,0.145000,0.145000,0.153000,0.145000,0.145000,0.145000,0.135000,0.145000,0.145000,0.145000,0.145000,0.145000,0.145000,0.145000,0.145000,0.145000,0.145000
779,0.145000,0.135000,0.135000,0.145000,0.145000,0.153000,0.145000,0.145000,0.153000,0.145000,0.145000,0.145000,0.135000,0.145000,0.145000,0.145000,0.145000,0.145000,0.145000,0.145000,0.145000,0.145000,0.145000
780,0.145000,0.135000,0.135000,0.145000,0.145000,0.153000,0.145000,0.145000,0.153000,0.145000,0.145000,0.145000,0.135000,0.145000,0.145000,0.145000,0.145000,0.145000,0.145000,0.145000,0.145000,0.145000,0.145000
781,0.145000,0.135000,0.135000,0.145000,0.145000,0.153000,0.145000,0.145000,0.153000,0.145000,0.145000,0.145000,0.135000,0.145000,0.145000,0.145000,0.145000,0.145000,0.145000,0.145000,0.145000,0.145000,0.145000
782,0.145000,0.135000,0.135000,0.145000,0.145000,0.153000,0.145000,0.145000,0.153000,0.145000,0.145000,0.145000,0.135000,0.145000,0.145000,0.145000,0.145000,0.145000,0.145000,0.145000,0.145000,0.145000,0.145000
783,0.145000,0.135000,0.135000,0.145000,0.145000,0.153000,0.145000,0.145000,0.153000,0.145000,0.145000,0.145000,0.135000,0.145000,0.145000,0.145000,0.145000,0.145000,0.145000,0.145000,0.145000,0.145000,0.145000
784,0.145000,0.135000,0.135000,0.145000,0.145000,0.153000,0.145000,0.145000,0.153000,0.145000,0.145000,0.145000,0.135000,0.145000,0.145000,0.145000,0.145000,0.145000,0.145000,0.145000,0.145000,0.145000,0.145000
785,0.145000,0.135000,0.135000,0.145000,0.145000,0.153000,0.145000,0.145000,0.153000,0.145000,0.145000,0.145000,0.135000,0.145000,0.145000,0.145000,0.145000,0.145000,0.145000,0.145000,0.145000,0.145000,0.145000
786,0.145000,0.135000,0.135000,0.145000,0.145000,0.153000,0.145000,0.145000,0.153000,0.145000,0.145000,0.145000,0.135000,0.145000,0.145000,0.145000,0.145000,0.145000,0.145000,0.145000,0.145000,0.145000,0.145000
787,0.145000,0.135000,0.135000,0.145000,0.145000,0.153000,0.145000,0.145000,0.153000,0.145000,0.145000,0.145000,0.135000,0.145000,0.145000,0.145000,0.145000,0.145000,0.145000,0.145000,0.145000,0.145000,0.145000
788,0.145000,0.135000,0.135000,0.145000,0.145000,0.153000,0.145000,0.145000,0.153000,0.145000,0.145000,0.145000,0.135000,0.145000,0.145000,0.145000,0.145000,0.145000,0.145000,0.145000,0.145000,0.145000,0.145000
789,0.145000,0.135000,0.135000,0.145000,0.145000,0.153000,0.145000,0.145000,0.153000,0.145000,0.145000,0.145000,0.135000,0.145000,0.145000,0.145000,0.145000,0.145000,0.145000,0.145000,0.145000,0.145000,0.145000
790,0.145000,0.135000,0.135000,0.145000,0.145000,0.153000,0.145000,0.145000,0.153000,0.145000,0.145000,0.145000,0.135000,0.145000,0.145000,0.145000,0.145000,0.145000,0.145000,0.145000,0.145000,0.145000,0.145000
791,0.145000,0.135000,0.135000,0.145000,0.145000,0.153000,0.145000,0.145000,0.153000,0.145000,0.145000,0.145000,0.135000,0.145000,0.145000,0.145000,0.145000,0.145000,0.145000,0.145000,0.145000,0.145000,0.145000
792,0.145000,0.135000,0.135000,0.145000,0.145000,0.153000,0.145000,0.145000,0.153000,0.145000,0.145000,0.145000,0.135000,0.145000,0.145000,0.145000,0.145000,0.145000,0.145000,0.145000,0.145000,0.145000,0.145000
793,0.145000,0.135000,0.135000,0.145000,0.145000,0.153000,0.145000,0.145000,0.153000,0.145000,0.145000,0.145000,0.135000,0.145000,0.145000,0.145000,0.145000,0.145000,0.145000,0.145000,0.145000,0.145000,0.145000
794,0.145000,0.135000,0.135000,0.145000,0.145000,0.153000,0.145000,0.145000,0.153000,0.145000,0.145000,0.145000,0.135000,0.145000,0.145000,0.145000,0.145000,0.145000,0.145000,0.145000,0.145000,0.145000,0.145000
795,0.145000,0.135000,0.135000,0.145000,0.145000,0.153000,0.145000,0.145000,0.153000,0.145000,0.145000,0.145000,0.135000,0.145000,0.145000,0.145000,0.145000,0.145000,0.145000,0.145000,0.145000,0.145000,0.145000
796,0.145000,0.135000,0.135000,0.145000,0.145000,0.153000,0.145000,0.145000,0.153000,0.145000,0.145000,0.145000,0.135000,0.145000,0.145000,0.145000,0.145000,0.145000,0.145000,0.145000,0.145000,0.145000,0.145000
797,0.145000,0.135000,0.135000,0.145000,0.145000,0.153000,0.145000,0.145000,0.153000,0.145000,0.145000,0.145000,0.135000,0.145000,0.145000,0.145000,0.145000,0.145000,0.145000,0.145000,0.145000,0.145000,0.145000
798,0.145000,0.135000,0.135000,0.145000,0.145000,0.153000,0.145000,0.145000,0.153000,0.145000,0.145000,0.145000,0.135000,0.145000,0.145000,0.145000,0.145000,0.145000,0.145000,0.145000,0.145000,0.145000,0.145000
799,0.145000,0.135000,0.135000,0.145000,0.145000,0.153000,0.145000,0.145000,0.153000,0.145000,0.145000,0.145000,0.135000,0.145000,0.145000,0.145000,0.145000,0.145000,0.145000,0.145000,0.145000,0.145000,0.145000
800,0.145000,0.135000,0.135000,0.145000,0.145000,0.153000,0.145000,0.145000,0.153000,0.145000,0.145000,0.145000,0.135000,0.145000,0.145000,0.145000,0.145000,0.145000,0.145000,0.145000,0.145000,0.145000,0.145000
801,0.145000,0.135000,0.135000,0.145000,0.145000,0.153000,0.145000,0.145000,0.153000,0.145000,0.145000,0.145000,0.135000,0.145000,0.145000,0.145000,0.145000,0.145000,0.145000,0.145000,0.145000,0.145000,0.145000
802,0.145000,0.135000,0.135000,0.145000,0.145000,0.153000,0.145000,0.145000,0.153000,0.145000,0.145000,0.145000,0.135000,0.145000,0.145000,0.145000,0.145000,0.145000,0.145000,0.145000,0.145000,0.145000,0.145000
803,0.145000,0.135000,0.135000,0.145000,0.145000,0.153000,0.145000,0.145000,0.153000,0.145000,0.145000,0.145000,0.135000,0.145000,0.145000,0.145000,0.145000,0.145000,0.145000,0.145000,0.145000,0.145000,0.145000
804,0.145000,0.135000,0.135000,0.145000,0.145000,0.153000,0.145000,0.145000,0.153000,0.145000,0.145000,0.145000,0.135000,0.145000,0.145000,0.145000,0.145000,0.145000,0.145000,0.145000,0.145000,0.145000,0.145000
805,0.145000,0.135000,0.135000,0.145000,0.145000,0.153000,0.145000,0.145000,0.153000,0.145000,0.145000,0.145000,0.135000,0.145000,0.145000,0.145000,0.145000,0.145000,0.145000,0.145000,0.145000,0.145000,0.145000
806,0.145000,0.135000,0.135000,0.145000,0.145000,0.153000,0.145000,0.145000,0.153000,0.145000,0.145000,0.145000,0.135000,0.145000,0.145000,0.145000,0.145000,0.145000,0.145000,0.145000,0.145000,0.145000,0.145000
807,0.145000,0.135000,0.135000,0.145000,0.145000,0.153000,0.145000,0.145000,0.153000,0.145000,0.145000,0.145000,0.135000,0.145000,0.145000,0.145000,0.145000,0.145000,0.145000,0.145000,0.145000,0.145000,0.145000
808,0.145000,0.135000,0.135000,0.145000,0.145000,0.153000,0.145000,0.145000,0.153000,0.145000,0.145000,0.145000,0.135000,0.145000,0.145000,0.145000,0.145000,0.145000,0.145000,0.145000,0.145000,0.145000,0.145000
809,0.145000,0.135000,0.135000,0.145000,0.145000,0.153000,0.145000,0.145000,0.153000,0.145000,0.145000,0.145000,0.135000,0.145000,0.145000,0.145000,0.145000,0.145000,0.145000,0.145000,0.145000,0.145000,0.145000
810,0.145000,0.135000,0.135000,0.145000,0.145000,0.153000,0.145000,0.145000,0.153000,0.145000,0.145000,0.145000,0.135000,0.145000,0.145000,0.145000,0.145000,0.145000,0.145000,0.145000,0.145000,0.145000,0.145000
811,0.145000,0.135000,0.135000,0.145000,0.145000,0.153000,0.145000,0.145000,0.153000,0.145000,0.145000,0.145000,0.135000,0.145000,0.145000,0.145000,0.145000,0.145000,0.145000,0.145000,0.145000,0.145000,0.145000
812,0.145000,0.135000,0.135000,0.145000,0.145000,0.153000,0.145000,0.145000,0.153000,0.145000,0.145000,0.145000,0.135000,0.145000,0.145000,0.145000,0.145000,0.145000,0.145000,0.145000,0.145000,0.145000,0.145000
813,0.145000,0.135000,0.135000,0.145000,0.145000,0.153000,0.145000,0.145000,0.153000,0.145000,0.145000,0.145000,0.135000,0.145000,0.145000,0.145000,0.145000,0.145000,0.145000,0.145000,0.145000,0.145000,0.145000
814,0.145000,0.135000,0.135000,0.145000,0.145000,0.153000,0.145000,0.145000,0.153000,0.145000,0.145000,0.145000,0.135000,0.145000,0.145000,0.145000,0.145000,0.145000,0.145000,0.145000,0.145000,0.145000,0.145000
815,0.145000,0.135000,0.135000,0.145000,0.145000,0.153000,0.145000,0.145000,0.153000,0.145000,0.145000,0.145000,0.135000,0.145000,0.145000,0.145000,0.145000,0.145000,0.145000,0.145000,0.145000,0.145000,0.145000
816,0.145000,0.135000,0.135000,0.145000,0.145000,0.153000,0.145000,0.145000,0.153000,0.145000,0.145000,0.145000,0.135000,0.145000,0.145000,0.145000,0.145000,0.145000,0.145000,0.145000,0.145000,0.145000,0.145000
817,0.145000,0.135000,0.135000,0.145000,0.145000,0.153000,0.145000,0.145000,0.153000,0.145000,0.145000,0.145000,0.135000,0.145000,0.145000,0.145000,0.145000,0.145000,0.145000,0.145000,0.145000,0.145000,0.145000
818,0.145000,0.135000,0.135000,0.145000,0.145000,0.153000,0.145000,0.145000,0.153000,0.145000,0.145000,0.145000,0.135000,0.145000,0.145000,0.145000,0.145000,0.145000,0.145000,0.145000,0.145000,0.145000,0.145000
819,0.145000,0.135000,0.135000,0.145000,0.145000,0.153000,0.145000,0.145000,0.153000,0.145000,0.145000,0.145000,0.135000,0.145000,0.145000,0.145000,0.145000,0.145000,0.145000,0.145000,0.145000,0.145000,0.145000
820,0.145000,0.135000,0.135000,0.145000,0.145000,0.153000,0.145000,0.145000,0.153000,0.145000,0.145000,0.145000,0.135000,0.145000,0.145000,0.145000,0.145000,0.145000,0.145000,0.145000,0.145000,0.145000,0.145000
821,0.145000,0.135000,0.135000,0.145000,0.145000,0.153000,0.145000,0.145000,0.153000,0.145000,0.145000,0.145000,0.135000,0.145000,0.145000,0.145000,0.145000,0.145000,0.145000,0.145000,0.145000,0.145000,0.145000
822,0.145000,0.135000,0.135000,0.145000,0.145000,0.153000,0.145000,0.145000,0.153000,0.145000,0.145000,0.145000,0.135000,0.145000,0.145000,0.145000,0.145000,0.145000,0.145000,0.145000,0.145000,0.145000,0.145000
823,0.145000,0.135000,0.135000,0.145000,0.145000,0.153000,0.145000,0.145000,0.153000,0.145000,0.145000,0.145000,0.135000,0.145000,0.145000,0.145000,0.145000,0.145000,0.145000,0.145000,0.145000,0.145000,0.145000
824,0.145000,0.135000,0.135000,0.145000,0.145000,0.153000,0.145000,0.145000,0.153000,0.145000,0.145000,0.145000,0.135000,0.145000,0.145000,0.145000,0.145000,0.145000,0.145000,0.145000,0.145000,0.145000,0.145000
825,0.145000,0.135000,0.135000,0.145000,0.145000,0.153000,0.145000,0.145000,0.153000,0.145000,0.145000,0.145000,0.135000,0.145000,0.145000,0.145000,0.145000,0.145000,0.145000,0.145000,0.145000,0.145000,0.145000
826,0.145000,0.135000,0.135000,0.145000,0.145000,0.153000,0.145000,0.145000,0.153000,0.145000,0.145000,0.145000,0.135000,0.145000,0.145000,0.145000,0.145000,0.145000,0.145000,0.145000,0.145000,0.145000,0.145000
827,0.145000,0.135000,0.135000,0.145000,0.145000,0.153000,0.145000,0.145000,0.153000,0.145000,0.145000,0.145000,0.135000,0.145000,0.145000,0.145000,0.145000,0.145000,0.145000,0.145000,0.145000,0.145000,0.145000
828,0.145000,0.135000,0.135000,0.145000,0.145000,0.153000,0.145000,0.145000,0.153000,0.145000,0.145000,0.145000,0.135000,0.145000,0.145000,0.145000,0.145000,0.145000,0.145000,0.145000,0.145000,0.145000,0.145000
829,0.145000,0.135000,0.135000,0.145000,0.145000,0.153000,0.145000,0.145000,0.153000,0.145000,0.145000,0.145000,0.135000,0.145000,0.145000,0.145000,0.145000,0.145000,0.145000,0.145000,0.145000,0.145000,0.145000
830,0.145000,0.135000,0.135000,0.145000,0.145000,0.153000,0.145000,0.145000,0.153000,0.145000,0.145000,0.145000,0.135000,0.145000,0.145000,0.145000,0.145000,0.145000,0.145000,0.145000,0.145000,0.145000,0.145000
831,0.145000,0.135000,0.135000,0.145000,0.145000,0.153000,0.145000,0.145000,0.153000,0.145000,0.145000,0.145000,0.135000,0.145000,0.145000,0.145000,0.145000,0.145000,0.145000,0.145000,0.145000,0.145000,0.145000
832,0.145000,0.135000,0.135000,0.145000,0.145000,0.153000,0.145000,0.145000,0.153000,0.145000,0.145000,0.145000,0.135000,0.145000,0.145000,0.145000,0.145000,0.145000,0.145000,0.145000,0.145000,0.145000,0.145000
833,0.145000,0.135000,0.135000,0.145000,0.145000,0.153000,0.145000,0.145000,0.153000,0.145000,0.145000,0.145000,0.135000,0.145000,0.145000,0.145000,0.145000,0.145000,0.145000,0.145000,0.145000,0.145000,0.145000
834,0.145000,0.135000,0.135000,0.145000,0.145000,0.153000,0.145000,0.145000,0.153000,0.145000,0.145000,0.145000,0.135000,0.145000,0.145000,0.145000,0.145000,0.145000,0.145000,0.145000,0.145000,0.145000,0.145000
835,0.145000,0.135000,0.135000,0.145000,0.145000,0.153000,0.145000,0.145000,0.153000,0.145000,0.145000,0.145000,0.135000,0.145000,0.145000,0.145000,0.145000,0.145000,0.145000,0.145000,0.145000,0.145000,0.145000
836,0.145000,0.135000,0.135000,0.145000,0.145000,0.153000,0.145000,0.145000,0.153000,0.145000,0.145000,0.145000,0.135000,0.145000,0.145000,0.145000,0.145000,0.145000,0.145000,0.145000,0.145000,0.145000,0.145000
837,0.145000,0.135000,0.135000,0.145000,0.145000,0.153000,0.145000,0.145000,0.153000,0.145000,0.145000,0.145000,0.135000,0.145000,0.145000,0.145000,0.145000,0.145000,0.145000,0.145000,0.145000,0.145000,0.145000
838,0.145000,0.135000,0.135000,0.145000,0.145000,0.153000,0.145000,0.145000,0.153000,0.145000,0.145000,0.145000,0.135000,0.145000,0.145000,0.145000,0.145000,0.145000,0.145000,0.145000,0.145000,0.145000,0.145000
839,0.145000,0.135000,0.135000,0.145000,0.145000,0.153000,0.145000,0.145000,0.153000,0.145000,0.145000,0.145000,0.135000,0.145000,0.145000,0.145000,0.145000,0.145000,0.145000,0.145000,0.145000,0.145000,0.145000
840,0.145000,0.135000,0.135000,0.145000,0.145000,0.153000,0.145000,0.145000,0.153000,0.145000,0.145000,0.145000,0.135000,0.145000,0.145000,0.145000,0.145000,0.145000,0.145000,0.145000,0.145000,0.145000,0.145000
841,0.145000,0.135000,0.135000,0.145000,0.145000,0.153000,0.145000,0.145000,0.153000,0.145000,0.145000,0.145000,0.135000,0.145000,0.145000,0.145000,0.145000,0.145000,0.145000,0.145000,0.145000,0.145000,0.145000
842,0.145000,0.135000,0.135000,0.145000,0.145000,0.153000,0.145000,0.145000,0.153000,0.145000,0.145000,0.145000,0.135000,0.145000,0.145000,0.145000,0.145000,0.145000,0.145000,0.145000,0.145000,0.145000,0.145000
843,0.145000,0.135000,0.135000,0.145000,0.145000,0.153000,0.145000,0.145000,0.153000,0.145000,0.145000,0.145000,0.135000,0.145000,0.145000,0.145000,0.145000,0.145000,0.145000,0.145000,0.145000,0.145000,0.145000
844,0.145000,0.135000,0.135000,0.145000,0.145000,0.153000,0.145000,0.145000,0.153000,0.145000,0.145000,0.145000,0.135000,0.145000,0.145000,0.145000,0.145000,0.145000,0.145000,0.145000,0.145000,0.145000,0.145000
845,0.145000,0.135000,0.135000,0.145000,0.145000,0.153000,0.145000,0.145000,0.153000,0.145000,0.145000,0.145000,0.135000,0.145000,0.145000,0.145000,0.145000,0.145000,0.145000,0.145000,0.145000,0.145000,0.145000
846,0.145000,0.135000,0.135000,0.145000,0.145000,0.153000,0.145000,0.145000,0.153000,0.145000,0.145000,0.145000,0.135000,0.145000,0.145000,0.145000,0.145000,0.145000,0.145000,0.145000,0.145000,0.145000,0.145000
847,0.145000,0.135000,0.135000,0.145000,0.145000,0.153000,0.145000,0.145000,0.153000,0.145000,0.145000,0.145000,0.135000,0.145000,0.145000,0.145000,0.145000,0.145000,0.145000,0.145000,0.145000,0.145000,0.145000
848,0.145000,0.135000,0.135000,0.145000,0.145000,0.153000,0.145000,0.145000,0.153000,0.145000,0.145000,0.145000,0.135000,0.145000,0.145000,0.145000,0.145000,0.145000,0.145000,0.145000,0.145000,0.145000,0.145000
849,0.145000,0.135000,0.135000,0.145000,0.145000,0.153000,0.145000,0.145000,0.153000,0.145000,0.145000,0.145000,0.135000,0.145000,0.145000,0.145000,0.145000,0.145000,0.145000,0.145000,0.145000,0.145000,0.145000
850,0.145000,0.135000,0.135000,0.145000,0.145000,0.153000,0.145000,0.145000,0.153000,0.145000,0.145000,0.145000,0.135000,0.145000,0.145000,0.145000,0.145000,0.145000,0.145000,0.145000,0.145000,0.145000,0.145000
851,0.145000,0.135000,0.135000,0.145000,0.145000,0.153000,0.145000,0.145000,0.153000,0.145000,0.145000,0.145000,0.135000,0.145000,0.145000,0.145000,0.145000,0.145000,0.145000,0.145000,0.145000,0.145000,0.145000
852,0.145000,0.135000,0.135000,0.145000,0.145000,0.153000,0.145000,0.145000,0.153000,0.145000,0.145000,0.145000,0.135000,0.145000,0.145000,0.145000,0.145000,0.145000,0.145000,0.145000,0.145000,0.145000,0.145000
853,0.145000,0.135000,0.135000,0.145000,0.145000,0.153000,0.145000,0.145000,0.153000,0.145000,0.145000,0.145000,0.135000,0.145000,0.145000,0.145000,0.145000,0.145000,0.145000,0.145000,0.145000,0.145000,0.145000
854,0.145000,0.135000,0.135000,0.145000,0.145000,0.153000,0.145000,0.145000,0.153000,0.145000,0.145000,0.145000,0.135000,0.145000,0.145000,0.145000,0.145000,0.145000,0.145000,0.145000,0.145000,0.145000,0.145000
855,0.145000,0.135000,0.135000,0.145000,0.145000,0.153000,0.145000,0.145000,0.153000,0.145000,0.145000,0.145000,0.135000,0.145000,0.145000,0.145000,0.145000,0.145000,0.145000,0.145000,0.145000,0.145000,0.145000
856,0.145000,0.135000,0.135000,0.145000,0.145000,0.153000,0.145000,0.145000,0.153000,0.145000,0.145000,0.145000,0.135000,0.145000,0.145000,0.145000,0.145000,0.145000,0.145000,0.145000,0.145000,0.145000,0.145000
857,0.145000,0.135000,0.135000,0.145000,0.145000,0.153000,0.145000,0.145000,0.153000,0.145000,0.145000,0.145000,0.135000,0.145000,0.145000,0.145000,0.145000,0.145000,0.145000,0.145000,0.145000,0.145000,0.145000
858,0.145000,0.135000,0.135000,0.145000,0.145000,0.153000,0.145000,0.145000,0.153000,0.145000,0.145000,0.145000,0.135000,0.145000,0.145000,0.145000,0.145000,0.145000,0.145000,0.145000,0.145000,0.145000,0.145000
859,0.145000,0.135000,0.135000,0.145000,0.145000,0.153000,0.145000,0.145000,0.153000,0.145000,0.145000,0.145000,0.135000,0.145000,0.145000,0.145000,0.145000,0.145000,0.145000,0.145000,0.145000,0.145000,0.145000
860,0.145000,0.135000,0.135000,0.145000,0.145000,0.153000,0.145000,0.145000,0.153000,0.145000,0.145000,0.145000,0.135000,0.145000,0.145000,0.145000,0.145000,0.145000,0.145000,0.145000,0.145000,0.145000,0.145000
861,0.145000,0.135000,0.135000,0.145000,0.145000,0.153000,0.145000,0.145000,0.153000,0.145000,0.145000,0.145000,0.135000,0.145000,0.145000,0.145000,0.145000,0.145000,0.145000,0.145000,0.145000,0.145000,0.145000
862,0.145000,0.135000,0.135000,0.145000,0.145000,0.153000,0.145000,0.145000,0.153000,0.145000,0.145000,0.145000,0.135000,0.145000,0.145000,0.145000,0.145000,0.145000,0.145000,0.145000,0.145000,0.145000,0.145000
863,0.145000,0.135000,0.135000,0.145000,0.145000,0.153000,0.145000,0.145000,0.153000,0.145000,0.145000,0.145000,0.135000,0.145000,0.145000,0.145000,0.145000,0.145000,0.145000,0.145000,0.145000,0.145000,0.145000
864,0.145000,0.135000,0.135000,0.145000,0.145000,0.153000,0.145000,0.145000,0.153000,0.145000,0.145000,0.145000,0.135000,0.145000,0.145000,0.145000,0.145000,0.145000,0.145000,0.145000,0.145000,0.145000,0.145000
865,0.145000,0.135000,0.135000,0.145000,0.145000,0.153000,0.145000,0.145000,0.153000,0.145000,0.145000,0.145000,0.135000,0.145000,0.145000,0.145000,0.145000,0.145000,0.145000,0.145000,0.145000,0.145000,0.145000
866,0.145000,0.135000,0.135000,0.145000,0.145000,0.153000,0.145000,0.145000,0.153000,0.145000,0.145000,0.145000,0.135000,0.145000,0.145000,0.145000,0.145000,0.145000,0.145000,0.145000,0.145000,0.145000,0.145000
867,0.145000,0.135000,0.135000,0.145000,0.145000,0.153000,0.145000,0.145000,0.153000,0.145000,0.145000,0.145000,0.135000,0.145000,0.145000,0.145000,0.145000,0.145000,0.145000,0.145000,0.145000,0.145000,0.145000
868,0.145000,0.135000,0.135000,0.145000,0.145000,0.153000,0.145000,0.145000,0.153000,0.145000,0.145000,0.145000,0.135000,0.145000,0.145000,0.145000,0.145000,0.145000,0.145000,0.145000,0.145000,0.145000,0.145000
869,0.145000,0.135000,0.135000,0.145000,0.145000,0.153000,0.145000,0.145000,0.153000,0.145000,0.145000,0.145000,0.135000,0.145000,0.145000,0.145000,0.145000,0.145000,0.145000,0.145000,0.145000,0.145000,0.145000
870,0.145000,0.135000,0.135000,0.145000,0.145000,0.153000,0.145000,0.145000,0.153000,0.145000,0.145000,0.145000,0.135000,0.145000,0.145000,0.145000,0.145000,0.145000,0.145000,0.145000,0.145000,0.145000,0.145000
871,0.145000,0.135000,0.135000,0.145000,0.145000,0.153000,0.145000,0.145000,0.153000,0.145000,0.145000,0.145000,0.135000,0.145000,0.145000,0.145000,0.145000,0.145000,0.145000,0.145000,0.145000,0.145000,0.145000
872,0.145000,0.135000,0.135000,0.145000,0.145000,0.153000,0.145000,0.145000,0.153000,0.145000,0.145000,0.145000,0.135000,0.145000,0.145000,0.145000,0.145000,0.145000,0.145000,0.145000,0.145000,0.145000,0.145000
873,0.145000,0.135000,0.135000,0.145000,0.145000,0.153000,0.145000,0.145000,0.153000,0.145000,0.145000,0.145000,0.135000,0.145000,0.145000,0.145000,0.145000,0.145000,0.145000,0.145000,0.145000,0.145000,0.145000
874,0.145000,0.135000,0.135000,0.145000,0.145000,0.153000,0.145000,0.145000,0.153000,0.145000,0.145000,0.145000,0.135000,0.145000,0.145000,0.145000,0.145000,0.145000,0.145000,0.145000,0.145000,0.145000,0.145000
875,0.145000,0.135000,0.135000,0.145000,0.145000,0.153000,0.145000,0.145000,0.153000,0.145000,0.145000,0.145000,0.135000,0.145000,0.145000,0.145000,0.145000,0.145000,0.145000,0.145000,0.145000,0.145000,0.145000
876,0.145000,0.135000,0.135000,0.145000,0.145000,0.153000,0.145000,0.145000,0.153000,0.145000,0.145000,0.145000,0.135000,0.145000,0.145000,0.145000,0.145000,0.145000,0.145000,0.145000,0.145000,0.145000,0.145000
877,0.145000,0.135000,0.135000,0.145000,0.145000,0.153000,0.145000,0.145000,0.153000,0.145000,0.145000,0.145000,0.135000,0.145000,0.145000,0.145000,0.145000,0.145000,0.145000,0.145000,0.145000,0.145000,0.145000
878,0.145000,0.135000,0.135000,0.145000,0.145000,0.153000,0.145000,0.145000,0.153000,0.145000,0.145000,0.145000,0.135000,0.145000,0.145000,0.145000,0.145000,0.145000,0.145000,0.145000,0.145000,0.145000,0.145000
879,0.145000,0.135000,0.135000,0.145000,0.145000,0.153000,0.145000,0.145000,0.153000,0.145000,0.145000,0.145000,0.135000,0.145000,0.145000,0.145000,0.145000,0.145000,0.145000,0.145000,0.145000,0.145000,0.145000
880,0.145000,0.135000,0.135000,0.145000,0.145000,0.153000,0.145000,0.145000,0.153000,0.145000,0.145000,0.145000,0.135000,0.145000,0.145000,0.145000,0.145000,0.145000,0.145000,0.145000,0.145000,0.145000,0.145000
881,0.145000,0.135000,0.135000,0.145000,0.145000,0.153000,0.145000,0.145000,0.153000,0.145000,0.145000,0.145000,0.135000,0.145000,0.145000,0.145000,0.145000,0.145000,0.145000,0.145000,0.145000,0.145000,0.145000
882,0.145000,0.135000,0.135000,0.145000,0.145000,0.153000,0.145000,0.145000,0.153000,0.145000,0.145000,0.145000,0.135000,0.145000,0.145000,0.145000,0.145000,0.145000,0.145000,0.145000,0.145000,0.145000,0.145000
883,0.145000,0.135000,0.135000,0.145000,0.145000,0.153000,0.145000,0.145000,0.153000,0.145000,0.145000,0.145000,0.135000,0.145000,0.145000,0.145000,0.145000,0.145000,0.145000,0.145000,0.145000,0.145000,0.145000
884,0.145000,0.135000,0.135000,0.145000,0.145000,0.153000,0.145000,0.145000,0.153000,0.145000,0.145000,0.145000,0.135000,0.145000,0.145000,0.145000,0.145000,0.145000,0.145000,0.145000,0.145000,0.145000,0.145000
885,0.145000,0.135000,0.135000,0.145000,0.145000,0.153000,0.145000,0.145000,0.153000,0.145000,0.145000,0.145000,0.135000,0.145000,0.145000,0.145000,0.145000,0.145000,0.145000,0.145000,0.145000,0.145000,0.145000
886,0.145000,0.135000,0.135000,0.145000,0.145000,0.153000,0.145000,0.145000,0.153000,0.145000,0.145000,0.145000,0.135000,0.145000,0.145000,0.145000,0.145000,0.145000,0.145000,0.145000,0.145000,0.145000,0.145000
887,0.145000,0.135000,0.135000,0.145000,0.145000,0.153000,0.145000,0.145000,0.153000,0.145000,0.145000,0.145000,0.135000,0.145000,0.145000,0.145000,0.145000,0.145000,0.145000,0.145000,0.145000,0.145000,0.145000
888,0.145000,0.135000,0.135000,0.145000,0.145000,0.153000,0.145000,0.145000,0.153000,0.145000,0.145000,0.145000,0.135000,0.145000,0.145000,0.145000,0.145000,0.145000,0.145000,0.145000,0.145000,0.145000,0.145000
889,0.145000,0.135000,0.135000,0.145000,0.145000,0.153000,0.145000,0.145000,0.153000,0.145000,0.145000,0.145000,0.135000,0.145000,0.145000,0.145000,0.145000,0.145000,0.145000,0.145000,0.145000,0.145000,0.145000
890,0.145000,0.135000,0.135000,0.145000,0.145000,0.153000,0.145000,0.145000,0.153000,0.145000,0.145000,0.145000,0.135000,0.145000,0.145000,0.145000,0.145000,0.145000,0.145000,0.145000,0.145000,0.145000,0.145000
891,0.145000,0.135000,0.135000,0.145000,0.145000,0.153000,0.145000,0.145000,0.153000,0.145000,0.145000,0.145000,0.135000,0.145000,0.145000,0.145000,0.145000,0.145000,0.145000,0.145000,0.145000,0.145000,0.145000
892,0.145000,0.135000,0.135000,0.145000,0.145000,0.153000,0.145000,0.145000,0.153000,0.145000,0.145000,0.145000,0.135000,0.145000,0.145000,0.145000,0.145000,0.145000,0.145000,0.145000,0.145000,0.145000,0.145000
893,0.145000,0.135000,0.135000,0.145000,0.145000,0.153000,0.145000,0.145000,0.153000,0.145000,0.145000,0.145000,0.135000,0.145000,0.145000,0.145000,0.145000,0.145000,0.145000,0.145000,0.145000,0.145000,0.145000
894,0.145000,0.135000,0.135000,0.145000,0.145000,0.153000,0.145000,0.145000,0.153000,0.145000,0.145000,0.145000,0.135000,0.145000,0.145000,0.145000,0.145000,0.145000,0.145000,0.145000,0.145000,0.145000,0.145000
895,0.145000,0.135000,0.135000,0.145000,0.145000,0.153000,0.145000,0.145000,0.153000,0.145000,0.145000,0.145000,0.135000,0.145000,0.145000,0.145000,0.145000,0.145000,0.145000,0.145000,0.145000,0.145000,0.145000
896,0.145000,0.135000,0.135000,0.145000,0.145000,0.153000,0.145000,0.145000,0.153000,0.145000,0.145000,0.145000,0.135000,0.145000,0.145000,0.145000,0.145000,0.145000,0.145000,0.145000,0.145000,0.145000,0.145000
897,0.145000,0.135000,0.135000,0.145000,0.145000,0.153000,0.145000,0.145000,0.153000,0.145000,0.145000,0.145000,0.135000,0.145000,0.145000,0.145000,0.145000,0.145000,0.145000,0.145000,0.145000,0.145000,0.145000
898,0.145000,0.135000,0.135000,0.145000,0.145000,0.153000,0.145000,0.145000,0.153000,0.145000,0.145000,0.145000,0.135000,0.145000,0.145000,0.145000,0.145000,0.145000,0.145000,0.145000,0.145000,0.145000,0.145000
899,0.145000,0.135000,0.135000,0.145000,0.145000,0.153000,0.145000,0.145000,0.153000,0.145000,0.145000,0.145000,0.135000,0.145000,0.145000,0.145000,0.145000,0.145000,0.145000,0.145000,0.145000,0.145000,0.145000
900,0.145000,0.135000,0.135000,0.145000,0.145000,0.153000,0.145000,0.145000,0.153000,0.145000,0.145000,0.145000,0.135000,0.145000,0.145000,0.145000,0.145000,0.145000,0.145000,0.145000,0.145000,0.145000,0.145000
901,0.145000,0.135000,0.135000,0.145000,0.145000,0.153000,0.145000,0.145000,0.153000,0.145000,0.145000,0.145000,0.135000,0.145000,0.145000,0.145000,0.145000,0.145000,0.145000,0.145000,0.145000,0.145000,0.145000
902,0.145000,0.135000,0.135000,0.145000,0.145000,0.153000,0.145000,0.145000,0.153000,0.145000,0.145000,0.145000,0.135000,0.145000,0.145000,0.145000,0.145000,0.145000,0.145000,0.145000,0.145000,0.145000,0.145000
903,0.145000,0.135000,0.135000,0.145000,0.145000,0.153000,0.145000,0.145000,0.153000,0.145000,0.145000,0.145000,0.135000,0.145000,0.145000,0.145000,0.145000,0.145000,0.145000,0.145000,0.145000,0.145000,0.145000
904,0.145000,0.135000,0.135000,0.145000,0.145000,0.153000,0.145000,0.145000,0.153000,0.145000,0.145000,0.145000,0.135000,0.145000,0.145000,0.145000,0.145000,0.145000,0.145000,0.145000,0.145000,0.145000,0.145000
905,0.145000,0.135000,0.135000,0.145000,0.145000,0.153000,0.145000,0.145000,0.153000,0.145000,0.145000,0.145000,0.135000,0.145000,0.145000,0.145000,0.145000,0.145000,0.145000,0.145000,0.145000,0.145000,0.145000
906,0.145000,0.135000,0.135000,0.145000,0.145000,0.153000,0.145000,0.145000,0.153000,0.145000,0.145000,0.145000,0.135000,0.145000,0.145000,0.145000,0.145000,0.145000,0.145000,0.145000,0.145000,0.145000,0.145000
907,0.145000,0.135000,0.135000,0.145000,0.145000,0.153000,0.145000,0.145000,0.153000,0.145000,0.145000,0.145000,0.135000,0.145000,0.145000,0.145000,0.145000,0.145000,0.145000,0.145000,0.145000,0.145000,0.145000
908,0.145000,0.135000,0.135000,0.145000,0.145000,0.153000,0.145000,0.145000,0.153000,0.145000,0.145000,0.145000,0.135000,0.145000,0.145000,0.145000,0.145000,0.145000,0.145000,0.145000,0.145000,0.145000,0.145000
909,0.145000,0.135000,0.135000,0.145000,0.145000,0.153000,0.145000,0.145000,0.153000,0.145000,0.145000,0.145000,0.135000,0.145000,0.145000,0.145000,0.145000,0.145000,0.145000,0.145000,0.145000,0.145000,0.145000
910,0.145000,0.135000,0.135000,0.145000,0.145000,0.153000,0.145000,0.145000,0.153000,0.145000,0.145000,0.145000,0.135000,0.145000,0.145000,0.145000,0.145000,0.145000,0.145000,0.145000,0.145000,0.145000,0.145000
911,0.145000,0.135000,0.135000,0.145000,0.145000,0.153000,0.145000,0.145000,0.153000,0.145000,0.145000,0.145000,0.135000,0.145000,0.145000,0.145000,0.145000,0.145000,0.145000,0.145000,0.145000,0.145000,0.145000
912,0.145000,0.135000,0.135000,0.145000,0.145000,0.153000,0.145000,0.145000,0.153000,0.145000,0.145000,0.145000,0.135000,0.145000,0.145000,0.145000,0.145000,0.145000,0.145000,0.145000,0.145000,0.145000,0.145000
913,0.145000,0.135000,0.135000,0.145000,0.145000,0.153000,0.145000,0.145000,0.153000,0.145000,0.145000,0.145000,0.135000,0.145000,0.145000,0.145000,0.145000,0.145000,0.145000,0.145000,0.145000,0.145000,0.145000
914,0.145000,0.135000,0.135000,0.145000,0.145000,0.153000,0.145000,0.145000,0.153000,0.145000,0.145000,0.145000,0.135000,0.145000,0.145000,0.145000,0.145000,0.145000,0.145000,0.145000,0.145000,0.145000,0.145000
915,0.145000,0.135000,0.135000,0.145000,0.145000,0.153000,0.145000,0.145000,0.153000,0.145000,0.145000,0.145000,0.135000,0.145000,0.145000,0.145000,0.145000,0.145000,0.145000,0.145000,0.145000,0.145000,0.145000
916,0.145000,0.135000,0.135000,0.145000,0.145000,0.153000,0.145000,0.145000,0.153000,0.145000,0.145000,0.145000,0.135000,0.145000,0.145000,0.145000,0.145000,0.145000,0.145000,0.145000,0.145000,0.145000,0.145000
917,0.145000,0.135000,0.135000,0.145000,0.145000,0.153000,0.145000,0.145000,0.153000,0.145000,0.145000,0.145000,0.135000,0.145000,0.145000,0.145000,0.145000,0.145000,0.145000,0.145000,0.145000,0.145000,0.145000
918,0.145000,0.135000,0.135000,0.145000,0.145000,0.153000,0.145000,0.145000,0.153000,0.145000,0.145000,0.145000,0.135000,0.145000,0.145000,0.145000,0.145000,0.145000,0.145000,0.145000,0.145000,0.145000,0.145000
919,0.145000,0.135000,0.135000,0.145000,0.145000,0.153000,0.145000,0.145000,0.153000,0.145000,0.145000,0.145000,0.135000,0.145000,0.145000,0.145000,0.145000,0.145000,0.145000,0.145000,0.145000,0.145000,0.145000
920,0.145000,0.135000,0.135000,0.145000,0.145000,0.153000,0.145000,0.145000,0.153000,0.145000,0.145000,0.145000,0.135000,0.145000,0.145000,0.145000,0.145000,0.145000,0.145000,0.145000,0.145000,0.145000,0.145000
921,0.145000,0.135000,0.135000,0.145000,0.145000,0.153000,0.145000,0.145000,0.153000,0.145000,0.145000,0.145000,0.135000,0.145000,0.145000,0.145000,0.145000,0.145000,0.145000,0.145000,0.145000,0.145000,0.145000
922,0.145000,0.135000,0.135000,0.145000,0.145000,0.153000,0.145000,0.145000,0.153000,0.145000,0.145000,0.145000,0.135000,0.145000,0.145000,0.145000,0.145000,0.145000,0.145000,0.145000,0.145000,0.145000,0.145000
923,0.145000,0.135000,0.135000,0.145000,0.145000,0.153000,0.145000,0.145000,0.153000,0.145000,0.145000,0.145000,0.135000,0.145000,0.145000,0.145000,0.145000,0.145000,0.145000,0.145000,0.145000,0.145000,0.145000
924,0.145000,0.135000,0.135000,0.145000,0.145000,0.153000,0.145000,0.145000,0.153000,0.145000,0.145000,0.145000,0.135000,0.145000,0.145000,0.145000,0.145000,0.145000,0.145000,0.145000,0.145000,0.145000,0.145000
925,0.145000,0.135000,0.135000,0.145000,0.145000,0.153000,0.145000,0.145000,0.153000,0.145000,0.145000,0.145000,0.135000,0.145000,0.145000,0.145000,0.145000,0.145000,0.145000,0.145000,0.145000,0.145000,0.145000
926,0.145000,0.135000,0.135000,0.145000,0.145000,0.153000,0.145000,0.145000,0.153000,0.145000,0.145000,0.145000,0.135000,0.145000,0.145000,0.145000,0.145000,0.145000,0.145000,0.145000,0.145000,0.145000,0.145000
927,0.145000,0.135000,0.135000,0.145000,0.145000,0.153000,0.145000,0.145000,0.153000,0.145000,0.145000,0.145000,0.135000,0.145000,0.145000,0.145000,0.145000,0.145000,0.145000,0.145000,0.145000,0.145000,0.145000
928,0.145000,0.135000,0.135000,0.145000,0.145000,0.153000,0.145000,0.145000,0.153000,0.145000,0.145000,0.145000,0.135000,0.145000,0.145000,0.145000,0.145000,0.145000,0.145000,0.145000,0.145000,0.145000,0.145000
929,0.145000,0.135000,0.135000,0.145000,0.145000,0.153000,0.145000,0.145000,0.153000,0.145000,0.145000,0.145000,0.135000,0.145000,0.145000,0.145000,0.145000,0.145000,0.145000,0.145000,0.145000,0.145000,0.145000
930,0.145000,0.135000,0.135000,0.145000,0.145000,0.153000,0.145000,0.145000,0.153000,0.145000,0.145000,0.145000,0.135000,0.145000,0.145000,0.145000,0.145000,0.145000,0.145000,0.145000,0.145000,0.145000,0.145000
931,0.145000,0.135000,0.135000,0.145000,0.145000,0.153000,0.145000,0.145000,0.153000,0.145000,0.145000,0.145000,0.135000,0.145000,0.145000,0.145000,0.145000,0.145000,0.145000,0.145000,0.145000,0.145000,0.145000
932,0.145000,0.135000,0.135000,0.145000,0.145000,0.153000,0.145000,0.145000,0.153000,0.145000,0.145000,0.145000,0.135000,0.145000,0.145000,0.145000,0.145000,0.145000,0.145000,0.145000,0.145000,0.145000,0.145000
933,0.145000,0.135000,0.135000,0.145000,0.145000,0.153000,0.145000,0.145000,0.153000,0.145000,0.145000,0.145000,0.135000,0.145000,0.145000,0.145000,0.145000,0.145000,0.145000,0.145000,0.145000,0.145000,0.145000
934,0.145000,0.135000,0.135000,0.145000,0.145000,0.153000,0.145000,0.145000,0.153000,0.145000,0.145000,0.145000,0.135000,0.145000,0.145000,0.145000,0.145000,0.145000,0.145000,0.145000,0.145000,0.145000,0.145000
935,0.145000,0.135000,0.135000,0.145000,0.145000,0.153000,0.145000,0.145000,0.153000,0.145000,0.145000,0.145000,0.135000,0.145000,0.145000,0.145000,0.145000,0.145000,0.145000,0.145000,0.145000,0.145000,0.145000
936,0.145000,0.135000,0.135000,0.145000,0.145000,0.153000,0.145000,0.145000,0.153000,0.145000,0.145000,0.145000,0.135000,0.145000,0.145000,0.145000,0.145000,0.145000,0.145000,0.145000,0.145000,0.145000,0.145000
937,0.145000,0.135000,0.135000,0.145000,0.145000,0.153000,0.145000,0.145000,0.153000,0.145000,0.145000,0.145000,0.135000,0.145000,0.145000,0.145000,0.145000,0.145000,0.145000,0.145000,0.145000,0.145000,0.145000
938,0.145000,0.135000,0.135000,0.145000,0.145000,0.153000,0.145000,0.145000,0.153000,0.145000,0.145000,0.145000,0.135000,0.145000,0.145000,0.145000,0.145000,0.145000,0.145000,0.145000,0.145000,0.145000,0.145000
939,0.145000,0.135000,0.135000,0.145000,0.145000,0.153000,0.145000,0.145000,0.153000,0.145000,0.145000,0.145000,0.135000,0.145000,0.145000,0.145000,0.145000,0.145000,0.145000,0.145000,0.145000,0.145000,0.145000
940,0.145000,0.135000,0.135000,0.145000,0.145000,0.153000,0.145000,0.145000,0.153000,0.145000,0.145000,0.145000,0.135000,0.145000,0.145000,0.145000,0.145000,0.145000,0.145000,0.145000,0.145000,0.145000,0.145000
941,0.145000,0.135000,0.135000,0.145000,0.145000,0.153000,0.145000,0.145000,0.153000,0.145000,0.145000,0.145000,0.135000,0.145000,0.145000,0.145000,0.145000,0.145000,0.145000,0.145000,0.145000,0.145000,0.145000
942,0.145000,0.135000,0.135000,0.145000,0.145000,0.153000,0.145000,0.145000,0.153000,0.145000,0.145000,0.145000,0.135000,0.145000,0.145000,0.145000,0.145000,0.145000,0.145000,0.145000,0.145000,0.145000,0.145000
943,0.145000,0.135000,0.135000,0.145000,0.145000,0.153000,0.145000,0.145000,0.153000,0.145000,0.145000,0.145000,0.135000,0.145000,0.145000,0.145000,0.145000,0.145000,0.145000,0.145000,0.145000,0.145000,0.145000
944,0.145000,0.135000,0.135000,0.145000,0.145000,0.153000,0.145000,0.145000,0.153000,0.145000,0.145000,0.145000,0.135000,0.145000,0.145000,0.145000,0.145000,0.145000,0.145000,0.145000,0.145000,0.145000,0.145000
945,0.145000,0.135000,0.135000,0.145000,0.145000,0.153000,0.145000,0.145000,0.153000,0.145000,0.145000,0.145000,0.135000,0.145000,0.145000,0.145000,0.145000,0.145000,0.145000,0.145000,0.145000,0.145000,0.145000
946,0.145000,0.135000,0.135000,0.145000,0.145000,0.153000,0.145000,0.145000,0.153000,0.145000,0.145000,0.145000,0.135000,0.145000,0.145000,0.145000,0.145000,0.145000,0.145000,0.145000,0.145000,0.145000,0.145000
947,0.145000,0.135000,0.135000,0.145000,0.145000,0.153000,0.145000,0.145000,0.153000,0.145000,0.145000,0.145000,0.135000,0.145000,0.145000,0.145000,0.145000,0.145000,0.145000,0.145000,0.145000,0.145000,0.145000
948,0.145000,0.135000,0.135000,0.145000,0.145000,0.153000,0.145000,0.145000,0.153000,0.145000,0.145000,0.145000,0.135000,0.145000,0.145000,0.145000,0.145000,0.145000,0.145000,0.145000,0.145000,0.145000,0.145000
949,0.145000,0.135000,0.135000,0.145000,0.145000,0.153000,0.145000,0.145000,0.153000,0.145000,0.145000,0.145000,0.135000,0.145000,0.145000,0.145000,0.145000,0.145000,0.145000,0.145000,0.145000,0.145000,0.145000
950,0.145000,0.135000,0.135000,0.145000,0.145000,0.153000,0.145000,0.145000,0.153000,0.145000,0.145000,0.145000,0.135000,0.145000,0.145000,0.145000,0.145000,0.145000,0.145000,0.145000,0.145000,0.145000,0.145000
951,0.145000,0.135000,0.135000,0.145000,0.145000,0.153000,0.145000,0.145000,0.153000,0.145000,0.145000,0.145000,0.135000,0.145000,0.145000,0.145000,0.145000,0.145000,0.145000,0.145000,0.145000,0.145000,0.145000
952,0.145000,0.135000,0.135000,0.145000,0.145000,0.153000,0.145000,0.145000,0.153000,0.145000,0.145000,0.145000,0.135000,0.145000,0.145000,0.145000,0.145000,0.145000,0.145000,0.145000,0.145000,0.145000,0.145000
953,0.145000,0.135000,0.135000,0.145000,0.145000,0.153000,0.145000,0.145000,0.153000,0.145000,0.145000,0.145000,0.135000,0.145000,0.145000,0.145000,0.145000,0.145000,0.145000,0.145000,0.145000,0.145000,0.145000
954,0.145000,0.135000,0.135000,0.145000,0.145000,0.153000,0.145000,0.145000,0.153000,0.145000,0.145000,0.145000,0.135000,0.145000,0.145000,0.145000,0.145000,0.145000,0.145000,0.145000,0.145000,0.145000,0.145000
955,0.145000,0.135000,0.135000,0.145000,0.145000,0.153000,0.145000,0.145000,0.153000,0.145000,0.145000,0.145000,0.135000,0.145000,0.145000,0.145000,0.145000,0.145000,0.145000,0.145000,0.145000,0.145000,0.145000
956,0.145000,0.135000,0.135000,0.145000,0.145000,0.153000,0.145000,0.145000,0.153000,0.145000,0.145000,0.145000,0.135000,0.145000,0.145000,0.145000,0.145000,0.145000,0.145000,0.145000,0.145000,0.145000,0.145000
957,0.145000,0.135000,0.135000,0.145000,0.145000,0.153000,0.145000,0.145000,0.153000,0.145000,0.145000,0.145000,0.135000,0.145000,0.145000,0.145000,0.145000,0.145000,0.145000,0.145000,0.145000,0.145000,0.145000
958,0.145000,0.135000,0.135000,0.145000,0.145000,0.153000,0.145000,0.145000,0.153000,0.145000,0.145000,0.145000,0.135000,0.145000,0.145000,0.145000,0.145000,0.145000,0.145000,0.145000,0.145000,0.145000,0.145000
959,0.145000,0.135000,0.135000,0.145000,0.145000,0.153000,0.145000,0.145000,0.153000,0.145000,0.145000,0.145000,0.135000,0.145000,0.145000,0.145000,0.145000,0.145000,0.145000,0.145000,0.145000,0.145000,0.145000
960,0.145000,0.135000,0.135000,0.145000,0.145000,0.153000,0.145000,0.145000,0.153000,0.145000,0.145000,0.145000,0.135000,0.145000,0.145000,0.145000,0.145000,0.145000,0.145000,0.145000,0.145000,0.145000,0.145000
961,0.145000,0.135000,0.135000,0.145000,0.145000,0.153000,0.145000,0.145000,0.153000,0.145000,0.145000,0.145000,0.135000,0.145000,0.145000,0.145000,0.145000,0.145000,0.145000,0.145000,0.145000,0.145000,0.145000
962,0.145000,0.135000,0.135000,0.145000,0.145000,0.153000,0.145000,0.145000,0.153000,0.145000,0.145000,0.145000,0.135000,0.145000,0.145000,0.145000,0.145000,0.145000,0.145000,0.145000,0.145000,0.145000,0.145000
963,0.145000,0.135000,0.135000,0.145000,0.145000,0.153000,0.145000,0.145000,0.153000,0.145000,0.145000,0.145000,0.135000,0.145000,0.145000,0.145000,0.145000,0.145000,0.145000,0.145000,0.145000,0.145000,0.145000
964,0.145000,0.135000,0.135000,0.145000,0.145000,0.153000,0.145000,0.145000,0.153000,0.145000,0.145000,0.145000,0.135000,0.145000,0.145000,0.145000,0.145000,0.145000,0.145000,0.145000,0.145000,0.145000,0.145000
965,0.145000,0.135000,0.135000,0.145000,0.145000,0.153000,0.145000,0.145000,0.153000,0.145000,0.145000,0.145000,0.135000,0.145000,0.145000,0.145000,0.145000,0.145000,0.145000,0.145000,0.145000,0.145000,0.145000
966,0.145000,0.135000,0.135000,0.145000,0.145000,0.153000,0.145000,0.145000,0.153000,0.145000,0.145000,0.145000,0.135000,0.145000,0.145000,0.145000,0.145000,0.145000,0.145000,0.145000,0.145000,0.145000,0.145000
967,0.145000,0.135000,0.135000,0.145000,0.145000,0.153000,0.145000,0.145000,0.153000,0.145000,0.145000,0.145000,0.135000,0.145000,0.145000,0.145000,0.145000,0.145000,0.145000,0.145000,0.145000,0.145000,0.145000
968,0.145000,0.135000,0.135000,0.145000,0.145000,0.153000,0.145000,0.145000,0.153000,0.145000,0.145000,0.145000,0.135000,0.145000,0.145000,0.145000,0.145000,0.145000,0.145000,0.145000,0.145000,0.145000,0.145000
969,0.145000,0.135000,0.135000,0.145000,0.145000,0.153000,0.145000,0.145000,0.153000,0.145000,0.145000,0.145000,0.135000,0.145000,0.145000,0.145000,0.145000,0.145000,0.145000,0.145000,0.145000,0.145000,0.145000
970,0.145000,0.135000,0.135000,0.145000,0.145000,0.153000,0.145000,0.145000,0.153000,0.145000,0.145000,0.145000,0.135000,0.145000,0.145000,0.145000,0.145000,0.145000,0.145000,0.145000,0.145000,0.145000,0.145000
971,0.145000,0.135000,0.135000,0.145000,0.145000,0.153000,0.145000,0.145000,0.153000,0.145000,0.145000,0.145000,0.135000,0.145000,0.145000,0.145000,0.145000,0.145000,0.145000,0.145000,0.145000,0.145000,0.145000
972,0.145000,0.135000,0.135000,0.145000,0.145000,0.153000,0.145000,0.145000,0.153000,0.145000,0.145000,0.145000,0.135000,0.145000,0.145000,0.145000,0.145000,0.145000,0.145000,0.145000,0.145000,0.145000,0.145000
973,0.145000,0.135000,0.135000,0.145000,0.145000,0.153000,0.145000,0.145000,0.153000,0.145000,0.145000,0.145000,0.135000,0.145000,0.145000,0.145000,0.145000,0.145000,0.145000,0.145000,0.145000,0.145000,0.145000
974,0.145000,0.135000,0.135000,0.145000,0.145000,0.153000,0.145000,0.145000,0.153000,0.145000,0.145000,0.145000,0.135000,0.145000,0.145000,0.145000,0.145000,0.145000,0.145000,0.145000,0.145000,0.145000,0.145000
975,0.145000,0.135000,0.135000,0.145000,0.145000,0.153000,0.145000,0.145000,0.153000,0.145000,0.145000,0.145000,0.135000,0.145000,0.145000,0.145000,0.145000,0.145000,0.145000,0.145000,0.145000,0.145000,0.145000
976,0.145000,0.135000,0.135000,0.145000,0.145000,0.153000,0.145000,0.145000,0.153000,0.145000,0.145000,0.145000,0.135000,0.145000,0.145000,0.145000,0.145000,0.145000,0.145000,0.145000,0.145000,0.145000,0.145000
977,0.145000,0.135000,0.135000,0.145000,0.145000,0.153000,0.145000,0.145000,0.153000,0.145000,0.145000,0.145000,0.135000,0.145000,0.145000,0.145000,0.145000,0.145000,0.145000,0.145000,0.145000,0.145000,0.145000
978,0.145000,0.135000,0.135000,0.145000,0.145000,0.153000,0.145000,0.145000,0.153000,0.145000,0.145000,0.145000,0.135000,0.145000,0.145000,0.145000,0.145000,0.145000,0.145000,0.145000,0.145000,0.145000,0.145000
979,0.145000,0.135000,0.135000,0.145000,0.145000,0.153000,0.145000,0.145000,0.153000,0.145000,0.145000,0.145000,0.135000,0.145000,0.145000,0.145000,0.145000,0.145000,0.145000,0.145000,0.145000,0.145000,0.145000
980,0.145000,0.135000,0.135000,0.145000,0.145000,0.153000,0.145000,0.145000,0.153000,0.145000,0.145000,0.145000,0.135000,0.145000,0.145000,0.145000,0.145000,0.145000,0.145000,0.145000,0.145000,0.145000,0.145000
981,0.145000,0.135000,0.135000,0.145000,0.145000,0.153000,0.145000,0.145000,0.153000,0.145000,0.145000,0.145000,0.135000,0.145000,0.145000,0.145000,0.145000,0.145000,0.145000,0.145000,0.145000,0.145000,0.145000
982,0.145000,0.135000,0.135000,0.145000,0.145000,0.153000,0.145000,0.145000,0.153000,0.145000,0.145000,0.145000,0.135000,0.145000,0.145000,0.145000,0.145000,0.145000,0.145000,0.145000,0.145000,0.145000,0.145000
983,0.145000,0.135000,0.135000,0.145000,0.145000,0.153000,0.145000,0.145000,0.153000,0.145000,0.145000,0.145000,0.135000,0.145000,0.145000,0.145000,0.145000,0.145000,0.145000,0.145000,0.145000,0.145000,0.145000
984,0.145000,0.135000,0.135000,0.145000,0.145000,0.153000,0.145000,0.145000,0.153000,0.145000,0.145000,0.145000,0.135000,0.145000,0.145000,0.145000,0.145000,0.145000,0.145000,0.145000,0.145000,0.145000,0.145000
985,0.145000,0.135000,0.135000,0.145000,0.145000,0.153000,0.145000,0.145000,0.153000,0.145000,0.145000,0.145000,0.135000,0.145000,0.145000,0.145000,0.145000,0.145000,0.145000,0.145000,0.145000,0.145000,0.145000
986,0.145000,0.135000,0.135000,0.145000,0.145000,0.153000,0.145000,0.145000,0.153000,0.145000,0.145000,0.145000,0.135000,0.145000,0.145000,0.145000,0.145000,0.145000,0.145000,0.145000,0.145000,0.145000,0.145000
987,0.145000,0.135000,0.135000,0.145000,0.145000,0.153000,0.145000,0.145000,0.153000,0.145000,0.145000,0.145000,0.135000,0.145000,0.145000,0.145000,0.145000,0.145000,0.145000,0.145000,0.145000,0.145000,0.145000
988,0.145000,0.135000,0.135000,0.145000,0.145000,0.153000,0.145000,0.145000,0.153000,0.145000,0.145000,0.145000,0.135000,0.145000,0.145000,0.145000,0.145000,0.145000,0.145000,0.145000,0.145000,0.145000,0.145000
989,0.145000,0.135000,0.135000,0.145000,0.145000,0.153000,0.145000,0.145000,0.153000,0.145000,0.145000,0.145000,0.135000,0.145000,0.145000,0.145000,0.145000,0.145000,0.145000,0.145000,0.145000,0.145000,0.145000
990,0.145000,0.135000,0.135000,0.145000,0.145000,0.153000,0.145000,0.145000,0.153000,0.145000,0.145000,0.145000,0.135000,0.145000,0.145000,0.145000,0.145000,0.145000,0.145000,0.145000,0.145000,0.145000,0.145000
991,0.145000,0.135000,0.135000,0.145000,0.145000,0.153000,0.145000,0.145000,0.153000,0.145000,0.145000,0.145000,0.135000,0.145000,0.145000,0.145000,0.145000,0.145000,0.145000,0.145000,0.145000,0.145000,0.145000
992,0.145000,0.135000,0.135000,0.145000,0.145000,0.153000,0.145000,0.145000,0.153000,0.145000,0.145000,0.145000,0.135000,0.145000,0.145000,0.145000,0.145000,0.145000,0.145000,0.145000,0.145000,0.145000,0.145000
993,0.145000,0.135000,0.135000,0.145000,0.145000,0.153000,0.145000,0.145000,0.153000,0.145000,0.145000,0.145000,0.135000,0.145000,0.145000,0.145000,0.145000,0.145000,0.145000,0.145000,0.145000,0.145000,0.145000
994,0.145000,0.135000,0.135000,0.145000,0.145000,0.153000,0.145000,0.145000,0.153000,0.145000,0.145000,0.145000,0.135000,0.145000,0.145000,0.145000,0.145000,0.145000,0.145000,0.145000,0.145000,0.145000,0.145000
995,0.145000,0.135000,0.135000,0.145000,0.145000,0.153000,0.145000,0.145000,0.153000,0.145000,0.145000,0.145000,0.135000,0.145000,0.145000,0.145000,0.145000,0.145000,0.145000,0.145000,0.145000,0.145000,0.145000
996,0.145000,0.135000,0.135000,0.145000,0.145000,0.153000,0.145000,0.145000,0.153000,0.145000,0.145000,0.145000,0.135000,0.145000,0.145000,0.145000,0.145000,0.145000,0.145000,0.145000,0.145000,0.145000,0.145000
997,0.145000,0.135000,0.135000,0.145000,0.145000,0.153000,0.145000,0.145000,0.153000,0.145000,0.145000,0.145000,0.135000,0.145000,0.145000,0.145000,0.145000,0.145000,0.145000,0.145000,0.145000,0.145000,0.145000
998,0.145000,0.135000,0.135000,0.145000,0.145000,0.153000,0.145000,0.145000,0.153000,0.145000,0.145000,0.145000,0.135000,0.145000,0.145000,0.145000,0.145000,0.145000,0.145000,0.145000,0.145000,0.145000,0.145000
999,0.145000,0.135000,0.135000,0.145000,0.145000,0.153000,0.145000,0.145000,0.153000,0.145000,0.145000,0.145000,0.135000,0.145000,0.145000,0.145000,0.145000,0.145000,0.145000,0.145000,0.145000,0.145000,0.145000
1000,0.145000,0.135000,0.135000,0.145000,0.145000,0.153000,0.145000,0.145000,0.153000,0.145000,0.145000,0.145000,0.135000,0.145000,0.145000,0.145000,0.145000,0.145000,0.145000,0.145000,0.145000,0.145000,0.145000
1001,0.145000,0.135000,0.135000,0.145000,0.145000,0.153000,0.145000,0.145000,0.153000,0.145000,0.145000,0.145000,0.135000,0.145000,0.145000,0.145000,0.145000,0.145000,0.145000,0.145000,0.145000,0.145000,0.145000
1002,0.145000,0.135000,0.135000,0.145000,0.145000,0.153000,0.145000,0.145000,0.153000,0.145000,0.145000,0.145000,0.135000,0.145000,0.145000,0.145000,0.145000,0.145000,0.145000,0.145000,0.145000,0.145000,0.145000
1003,0.145000,0.135000,0.135000,0.145000,0.145000,0.153000,0.145000,0.145000,0.153000,0.145000,0.145000,0.145000,0.135000,0.145000,0.145000,0.145000,0.145000,0.145000,0.145000,0.145000,0.145000,0.145000,0.145000
1004,0.145000,0.135000,0.135000,0.145000,0.145000,0.153000,0.145000,0.145000,0.153000,0.145000,0.145000,0.145000,0.135000,0.145000,0.145000,0.145000,0.145000,0.145000,0.145000,0.145000,0.145000,0.145000,0.145000
1005,0.145000,0.135000,0.135000,0.145000,0.145000,0.153000,0.145000,0.145000,0.153000,0.145000,0.145000,0.145000,0.135000,0.145000,0.145000,0.145000,0.145000,0.145000,0.145000,0.145000,0.145000,0.145000,0.145000
1006,0.145000,0.135000,0.135000,0.145000,0.145000,0.153000,0.145000,0.145000,0.153000,0.145000,0.145000,0.145000,0.135000,0.145000,0.145000,0.145000,0.145000,0.145000,0.145000,0.145000,0.145000,0.145000,0.145000
1007,0.145000,0.135000,0.135000,0.145000,0.145000,0.153000,0.145000,0.145000,0.153000,0.145000,0.145000,0.145000,0.135000,0.145000,0.145000,0.145000,0.145000,0.145000,0.145000,0.145000,0.145000,0.145000,0.145000
1008,0.145000,0.135000,0.135000,0.145000,0.145000,0.153000,0.145000,0.145000,0.153000,0.145000,0.145000,0.145000,0.135000,0.145000,0.145000,0.145000,0.145000,0.145000,0.145000,0.145000,0.145000,0.145000,0.145000
1009,0.145000,0.135000,0.135000,0.145000,0.145000,0.153000,0.145000,0.145000,0.153000,0.145000,0.145000,0.145000,0.135000,0.145000,0.145000,0.145000,0.145000,0.145000,0.145000,0.145000,0.145000,0.145000,0.145000
1010,0.145000,0.135000,0.135000,0.145000,0.145000,0.153000,0.145000,0.145000,0.153000,0.145000,0.145000,0.145000,0.135000,0.145000,0.145000,0.145000,0.145000,0.145000,0.145000,0.145000,0.145000,0.145000,0.145000
1011,0.145000,0.135000,0.135000,0.145000,0.145000,0.153000,0.145000,0.145000,0.153000,0.145000,0.145000,0.145000,0.135000,0.145000,0.145000,0.145000,0.145000,0.145000,0.145000,0.145000,0.145000,0.145000,0.145000
1012,0.145000,0.135000,0.135000,0.145000,0.145000,0.153000,0.145000,0.145000,0.153000,0.145000,0.145000,0.145000,0.135000,0.145000,0.145000,0.145000,0.145000,0.145000,0.145000,0.145000,0.145000,0.145000,0.145000
1013,0.145000,0.135000,0.135000,0.145000,0.145000,0.153000,0.145000,0.145000,0.153000,0.145000,0.145000,0.145000,0.135000,0.145000,0.145000,0.145000,0.145000,0.145000,0.145000,0.145000,0.145000,0.145000,0.145000
1014,0.145000,0.135000,0.135000,0.145000,0.145000,0.153000,0.145000,0.145000,0.153000,0.145000,0.145000,0.145000,0.135000,0.145000,0.145000,0.145000,0.145000,0.145000,0.145000,0.145000,0.145000,0.145000,0.145000
1015,0.145000,0.135000,0.135000,0.145000,0.145000,0.153000,0.145000,0.145000,0.153000,0.145000,0.145000,0.145000,0.135000,0.145000,0.145000,0.145000,0.145000,0.145000,0.145000,0.145000,0.145000,0.145000,0.145000
1016,0.145000,0.135000,0.135000,0.145000,0.145000,0.153000,0.145000,0.145000,0.153000,0.145000,0.145000,0.145000,0.135000,0.145000,0.145000,0.145000,0.145000,0.145000,0.145000,0.145000,0.145000,0.145000,0.145000
1017,0.145000,0.135000,0.135000,0.145000,0.145000,0.153000,0.145000,0.145000,0.153000,0.145000,0.145000,0.145000,0.135000,0.145000,0.145000,0.145000,0.145000,0.145000,0.145000,0.145000,0.145000,0.145000,0.145000
1018,0.145000,0.135000,0.135000,0.145000,0.145000,0.153000,0.145000,0.145000,0.153000,0.145000,0.145000,0.145000,0.135000,0.145000,0.145000,0.145000,0.145000,0.145000,0.145000,0.145000,0.145000,0.145000,0.145000
1019,0.145000,0.135000,0.135000,0.145000,0.145000,0.153000,0.145000,0.145000,0.153000,0.145000,0.145000,0.145000,0.135000,0.145000,0.145000,0.145000,0.145000,0.145000,0.145000,0.145000,0.145000,0.145000,0.145000
1020,0.145000,0.135000,0.135000,0.145000,0.145000,0.153000,0.145000,0.145000,0.153000,0.145000,0.145000,0.145000,0.135000,0.145000,0.145000,0.145000,0.145000,0.145000,0.145000,0.145000,0.145000,0.145000,0.145000
1021,0.145000,0.135000,0.135000,0.145000,0.145000,0.153000,0.145000,0.145000,0.153000,0.145000,0.145000,0.145000,0.135000,0.145000,0.145000,0.145000,0.145000,0.145000,0.145000,0.145000,0.145000,0.145000,0.145000
1022,0.145000,0.135000,0.135000,0.145000,0.145000,0.153000,0.145000,0.145000,0.153000,0.145000,0.145000,0.145000,0.135000,0.145000,0.145000,0.145000,0.145000,0.145000,0.145000,0.145000,0.145000,0.145000,0.145000
1023,0.145000,0.135000,0.135000,0.145000,0.145000,0.153000,0.145000,0.145000,0.153000,0.145000,0.145000,0.145000,0.135000,0.145000,0.145000,0.145000,0.145000,0.145000,0.145000,0.145000,0.145000,0.145000,0.145000
1024,0.145000,0.135000,0.135000,0.145000,0.145000,0.153000,0.145000,0.145000,0.153000,0.145000,0.145000,0.145000,0.135000,0.145000,0.145000,0.145000,0.145000,0.145000,0.145000,0.145000,0.145000,0.145000,0.145000
1025,0.145000,0.135000,0.135000,0.145000,0.145000,0.153000,0.145000,0.145000,0.153000,0.145000,0.145000,0.145000,0.135000,0.145000,0.145000,0.145000,0.145000,0.145000,0.145000,0.145000,0.145000,0.145000,0.145000
1026,0.145000,0.135000,0.135000,0.145000,0.145000,0.153000,0.145000,0.145000,0.153000,0.145000,0.145000,0.145000,0.135000,0.145000,0.145000,0.145000,0.145000,0.145000,0.145000,0.145000,0.145000,0.145000,0.145000
1027,0.145000,0.135000,0.135000,0.145000,0.145000,0.153000,0.145000,0.145000,0.153000,0.145000,0.145000,0.145000,0.135000,0.145000,0.145000,0.145000,0.145000,0.145000,0.145000,0.145000,0.145000,0.145000,0.145000
1028,0.145000,0.135000,0.135000,0.145000,0.145000,0.153000,0.145000,0.145000,0.153000,0.145000,0.145000,0.145000,0.135000,0.145000,0.145000,0.145000,0.145000,0.145000,0.145000,0.145000,0.145000,0.145000,0.145000
1029,0.145000,0.135000,0.135000,0.145000,0.145000,0.153000,0.145000,0.145000,0.153000,0.145000,0.145000,0.145000,0.135000,0.145000,0.145000,0.145000,0.145000,0.145000,0.145000,0.145000,0.145000,0.145000,0.145000
1030,0.145000,0.135000,0.135000,0.145000,0.145000,0.153000,0.145000,0.145000,0.153000,0.145000,0.145000,0.145000,0.135000,0.145000,0.145000,0.145000,0.145000,0.145000,0.145000,0.145000,0.145000,0.145000,0.145000
1031,0.145000,0.135000,0.135000,0.145000,0.145000,0.153000,0.145000,0.145000,0.153000,0.145000,0.145000,0.145000,0.135000,0.145000,0.145000,0.145000,0.145000,0.145000,0.145000,0.145000,0.145000,0.145000,0.145000
1032,0.145000,0.135000,0.135000,0.145000,0.145000,0.153000,0.145000,0.145000,0.153000,0.145000,0.145000,0.145000,0.135000,0.145000,0.145000,0.145000,0.145000,0.145000,0.145000,0.145000,0.145000,0.145000,0.145000
1033,0.145000,0.135000,0.135000,0.145000,0.145000,0.153000,0.145000,0.145000,0.153000,0.145000,0.145000,0.145000,0.135000,0.145000,0.145000,0.145000,0.145000,0.145000,0.145000,0.145000,0.145000,0.145000,0.145000
1034,0.145000,0.135000,0.135000,0.145000,0.145000,0.153000,0.145000,0.145000,0.153000,0.145000,0.145000,0.145000,0.135000,0.145000,0.145000,0.145000,0.145000,0.145000,0.145000,0.145000,0.145000,0.145000,0.145000
1035,0.145000,0.135000,0.135000,0.145000,0.145000,0.153000,0.145000,0.145000,0.153000,0.145000,0.145000,0.145000,0.135000,0.145000,0.145000,0.145000,0.145000,0.145000,0.145000,0.145000,0.145000,0.145000,0.145000
1036,0.145000,0.135000,0.135000,0.145000,0.145000,0.153000,0.145000,0.145000,0.153000,0.145000,0.145000,0.145000,0.135000,0.145000,0.145000,0.145000,0.145000,0.145000,0.145000,0.145000,0.145000,0.145000,0.145000
1037,0.145000,0.135000,0.135000,0.145000,0.145000,0.153000,0.145000,0.145000,0.153000,0.145000,0.145000,0.145000,0.135000,0.145000,0.145000,0.145000,0.145000,0.145000,0.145000,0.145000,0.145000,0.145000,0.145000
1038,0.145000,0.135000,0.135000,0.145000,0.145000,0.153000,0.145000,0.145000,0.153000,0.145000,0.145000,0.145000,0.135000,0.145000,0.145000,0.145000,0.145000,0.145000,0.145000,0.145000,0.145000,0.145000,0.145000
1039,0.145000,0.135000,0.135000,0.145000,0.145000,0.153000,0.145000,0.145000,0.153000,0.145000,0.145000,0.145000,0.135000,0.145000,0.145000,0.145000,0.145000,0.145000,0.145000,0.145000,0.145000,0.145000,0.145000
1040,0.145000,0.135000,0.135000,0.145000,0.145000,0.153000,0.145000,0.145000,0.153000,0.145000,0.145000,0.145000,0.135000,0.145000,0.145000,0.145000,0.145000,0.145000,0.145000,0.145000,0.145000,0.145000,0.145000
1041,0.145000,0.135000,0.135000,0.145000,0.145000,0.153000,0.145000,0.145000,0.153000,0.145000,0.145000,0.145000,0.135000,0.145000,0.145000,0.145000,0.145000,0.145000,0.145000,0.145000,0.145000,0.145000,0.145000
1042,0.145000,0.135000,0.135000,0.145000,0.145000,0.153000,0.145000,0.145000,0.153000,0.145000,0.145000,0.145000,0.135000,0.145000,0.145000,0.145000,0.145000,0.145000,0.145000,0.145000,0.145000,0.145000,0.145000
1043,0.145000,0.135000,0.135000,0.145000,0.145000,0.153000,0.145000,0.145000,0.153000,0.145000,0.145000,0.145000,0.135000,0.145000,0.145000,0.145000,0.145000,0.145000,0.145000,0.145000,0.145000,0.145000,0.145000
1044,0.145000,0.135000,0.135000,0.145000,0.145000,0.153000,0.145000,0.145000,0.153000,0.145000,0.145000,0.145000,0.135000,0.145000,0.145000,0.145000,0.145000,0.145000,0.145000,0.145000,0.145000,0.145000,0.145000
1045,0.145000,0.135000,0.135000,0.145000,0.145000,0.153000,0.145000,0.145000,0.153000,0.145000,0.145000,0.145000,0.135000,0.145000,0.145000,0.145000,0.145000,0.145000,0.145000,0.145000,0.145000,0.145000,0.145000
1046,0.145000,0.135000,0.135000,0.145000,0.145000,0.153000,0.145000,0.145000,0.153000,0.145000,0.145000,0.145000,0.135000,0.145000,0.145000,0.145000,0.145000,0.145000,0.145000,0.145000,0.145000,0.145000,0.145000
1047,0.145000,0.135000,0.135000,0.145000,0.145000,0.153000,0.145000,0.145000,0.153000,0.145000,0.145000,0.145000,0.135000,0.145000,0.145000,0.145000,0.145000,0.145000,0.145000,0.145000,0.145000,0.145000,0.145000
1048,0.145000,0.135000,0.135000,0.145000,0.145000,0.153000,0.145000,0.145000,0.153000,0.145000,0.145000,0.145000,0.135000,0.145000,0.145000,0.145000,0.145000,0.145000,0.145000,0.145000,0.145000,0.145000,0.145000
1049,0.145000,0.135000,0.135000,0.145000,0.145000,0.153000,0.145000,0.145000,0.153000,0.145000,0.145000,0.145000,0.135000,0.145000,0.145000,0.145000,0.145000,0.145000,0.145000,0.145000,0.145000,0.145000,0.145000
1050,0.145000,0.135000,0.135000,0.145000,0.145000,0.153000,0.145000,0.145000,0.153000,0.145000,0.145000,0.145000,0.135000,0.145000,0.145000,0.145000,0.145000,0.145000,0.145000,0.145000,0.145000,0.145000,0.145000
1051,0.145000,0.135000,0.135000,0.145000,0.145000,0.153000,0.145000,0.145000,0.153000,0.145000,0.145000,0.145000,0.135000,0.145000,0.145000,0.145000,0.145000,0.145000,0.145000,0.145000,0.145000,0.145000,0.145000
1052,0.145000,0.135000,0.135000,0.145000,0.145000,0.153000,0.145000,0.145000,0.153000,0.145000,0.145000,0.145000,0.135000,0.145000,0.145000,0.145000,0.145000,0.145000,0.145000,0.145000,0.145000,0.145000,0.145000
1053,0.145000,0.135000,0.135000,0.145000,0.145000,0.153000,0.145000,0.145000,0.153000,0.145000,0.145000,0.145000,0.135000,0.145000,0.145000,0.145000,0.145000,0.145000,0.145000,0.145000,0.145000,0.145000,0.145000
1054,0.145000,0.135000,0.135000,0.145000,0.145000,0.153000,0.145000,0.145000,0.153000,0.145000,0.145000,0.145000,0.135000,0.145000,0.145000,0.145000,0.145000,0.145000,0.145000,0.145000,0.145000,0.145000,0.145000
1055,0.145000,0.135000,0.135000,0.145000,0.145000,0.153000,0.145000,0.145000,0.153000,0.145000,0.145000,0.145000,0.135000,0.145000,0.145000,0.145000,0.145000,0.145000,0.145000,0.145000,0.145000,0.145000,0.145000
1056,0.145000,0.135000,0.135000,0.145000,0.145000,0.153000,0.145000,0.145000,0.153000,0.145000,0.145000,0.145000,0.135000,0.145000,0.145000,0.145000,0.145000,0.145000,0.145000,0.145000,0.145000,0.145000,0.145000
1057,0.145000,0.135000,0.135000,0.145000,0.145000,0.153000,0.145000,0.145000,0.153000,0.145000,0.145000,0.145000,0.135000,0.145000,0.145000,0.145000,0.145000,0.145000,0.145000,0.145000,0.145000,0.145000,0.145000
1058,0.145000,0.135000,0.135000,0.145000,0.145000,0.153000,0.145000,0.145000,0.153000,0.145000,0.145000,0.145000,0.135000,0.145000,0.145000,0.145000,0.145000,0.145000,0.145000,0.145000,0.145000,0.145000,0.145000
1059,0.145000,0.135000,0.135000,0.145000,0.145000,0.153000,0.145000,0.145000,0.153000,0.145000,0.145000,0.145000,0.135000,0.145000,0.145000,0.145000,0.145000,0.145000,0.145000,0.145000,0.145000,0.145000,0.145000
1060,0.145000,0.135000,0.135000,0.145000,0.145000,0.153000,0.145000,0.145000,0.153000,0.145000,0.145000,0.145000,0.135000,0.145000,0.145000,0.145000,0.145000,0.145000,0.145000,0.145000,0.145000,0.145000,0.145000
1061,0.145000,0.135000,0.135000,0.145000,0.145000,0.153000,0.145000,0.145000,0.153000,0.145000,0.145000,0.145000,0.135000,0.145000,0.145000,0.145000,0.145000,0.145000,0.145000,0.145000,0.145000,0.145000,0.145000
1062,0.145000,0.135000,0.135000,0.145000,0.145000,0.153000,0.145000,0.145000,0.153000,0.145000,0.145000,0.145000,0.135000,0.145000,0.145000,0.145000,0.145000,0.145000,0.145000,0.145000,0.145000,0.145000,0.145000
1063,0.145000,0.135000,0.135000,0.145000,0.145000,0.153000,0.145000,0.145000,0.153000,0.145000,0.145000,0.145000,0.135000,0.145000,0.145000,0.145000,0.145000,0.145000,0.145000,0.145000,0.145000,0.145000,0.145000
1064,0.145000,0.135000,0.135000,0.145000,0.145000,0.153000,0.145000,0.145000,0.153000,0.145000,0.145000,0.145000,0.135000,0.145000,0.145000,0.145000,0.145000,0.145000,0.145000,0.145000,0.145000,0.145000,0.145000
1065,0.145000,0.135000,0.135000,0.145000,0.145000,0.153000,0.145000,0.145000,0.153000,0.145000,0.145000,0.145000,0.114000,0.145000,0.145000,0.145000,0.145000,0.145000,0.145000,0.145000,0.145000,0.145000,0.145000
1066,0.145000,0.135000,0.135000,0.145000,0.145000,0.153000,0.145000,0.145000,0.153000,0.145000,0.145000,0.145000,0.114000,0.145000,0.145000,0.145000,0.145000,0.145000,0.145000,0.145000,0.145000,0.145000,0.145000
1067,0.145000,0.135000,0.135000,0.145000,0.145000,0.153000,0.145000,0.145000,0.153000,0.145000,0.145000,0.145000,0.114000,0.145000,0.145000,0.145000,0.145000,0.145000,0.145000,0.145000,0.145000,0.145000,0.145000
1068,0.145000,0.135000,0.135000,0.145000,0.145000,0.153000,0.145000,0.145000,0.153000,0.145000,0.145000,0.145000,0.114000,0.145000,0.145000,0.145000,0.145000,0.145000,0.145000,0.145000,0.145000,0.145000,0.145000
1069,0.145000,0.135000,0.135000,0.145000,0.145000,0.153000,0.145000,0.145000,0.153000,0.145000,0.145000,0.145000,0.114000,0.145000,0.145000,0.145000,0.145000,0.145000,0.145000,0.145000,0.145000,0.145000,0.145000
1070,0.145000,0.135000,0.135000,0.145000,0.145000,0.153000,0.145000,0.145000,0.153000,0.145000,0.145000,0.145000,0.114000,0.145000,0.145000,0.145000,0.145000,0.145000,0.145000,0.145000,0.145000,0.145000,0.145000
1071,0.145000,0.135000,0.135000,0.145000,0.145000,0.153000,0.145000,0.145000,0.153000,0.145000,0.145000,0.145000,0.114000,0.145000,0.145000,0.145000,0.145000,0.145000,0.145000,0.145000,0.145000,0.145000,0.145000
1072,0.145000,0.135000,0.135000,0.145000,0.145000,0.153000,0.145000,0.145000,0.153000,0.145000,0.145000,0.145000,0.114000,0.145000,0.145000,0.145000,0.145000,0.145000,0.145000,0.145000,0.145000,0.145000,0.145000
1073,0.145000,0.135000,0.135000,0.145000,0.145000,0.153000,0.145000,0.145000,0.153000,0.145000,0.145000,0.145000,0.114000,0.145000,0.145000,0.145000,0.145000,0.145000,0.145000,0.145000,0.145000,0.145000,0.145000
1074,0.145000,0.135000,0.135000,0.145000,0.145000,0.153000,0.145000,0.145000,0.153000,0.145000,0.145000,0.145000,0.114000,0.145000,0.145000,0.145000,0.145000,0.145000,0.145000,0.145000,0.145000,0.145000,0.145000
1075,0.145000,0.135000,0.135000,0.145000,0.145000,0.153000,0.145000,0.145000,0.153000,0.145000,0.145000,0.145000,0.114000,0.145000,0.145000,0.145000,0.145000,0.145000,0.145000,0.145000,0.145000,0.145000,0.145000
1076,0.145000,0.135000,0.135000,0.145000,0.145000,0.153000,0.145000,0.145000,0.153000,0.145000,0.145000,0.145000,0.114000,0.145000,0.145000,0.145000,0.145000,0.145000,0.145000,0.145000,0.145000,0.145000,0.145000
1077,0.145000,0.135000,0.135000,0.145000,0.145000,0.153000,0.145000,0.145000,0.153000,0.145000,0.145000,0.145000,0.114000,0.145000,0.145000,0.145000,0.145000,0.145000,0.145000,0.145000,0.145000,0.145000,0.145000
1078,0.145000,0.135000,0.135000,0.145000,0.145000,0.153000,0.145000,0.145000,0.153000,0.145000,0.145000,0.145000,0.114000,0.145000,0.145000,0.145000,0.145000,0.145000,0.145000,0.145000,0.145000,0.145000,0.145000
1079,0.145000,0.135000,0.135000,0.145000,0.145000,0.153000,0.145000,0.145000,0.153000,0.145000,0.145000,0.145000,0.114000,0.145000,0.145000,0.145000,0.145000,0.145000,0.145000,0.145000,0.145000,0.145000,0.145000
1080,0.145000,0.135000,0.135000,0.145000,0.145000,0.153000,0.145000,0.145000,0.153000,0.145000,0.145000,0.145000,0.114000,0.145000,0.145000,0.145000,0.145000,0.145000,0.145000,0.145000,0.145000,0.145000,0.145000
1081,0.145000,0.135000,0.135000,0.145000,0.145000,0.153000,0.145000,0.145000,0.153000,0.145000,0.145000,0.145000,0.114000,0.145000,0.145000,0.145000,0.145000,0.145000,0.145000,0.145000,0.145000,0.145000,0.145000
1082,0.145000,0.135000,0.135000,0.145000,0.145000,0.153000,0.145000,0.145000,0.153000,0.145000,0.145000,0.145000,0.114000,0.145000,0.145000,0.145000,0.145000,0.145000,0.145000,0.145000,0.145000,0.145000,0.145000
1083,0.145000,0.135000,0.135000,0.145000,0.145000,0.153000,0.145000,0.145000,0.153000,0.145000,0.145000,0.145000,0.114000,0.145000,0.145000,0.145000,0.145000,0.145000,0.145000,0.145000,0.145000,0.145000,0.145000
1084,0.145000,0.135000,0.135000,0.145000,0.145000,0.153000,0.145000,0.145000,0.153000,0.145000,0.145000,0.145000,0.114000,0.145000,0.145000,0.145000,0.145000,0.145000,0.145000,0.145000,0.145000,0.145000,0.145000
1085,0.145000,0.135000,0.135000,0.145000,0.145000,0.153000,0.145000,0.145000,0.153000,0.145000,0.145000,0.145000,0.114000,0.145000,0.145000,0.145000,0.145000,0.145000,0.145000,0.145000,0.145000,0.145000,0.145000
1086,0.145000,0.135000,0.135000,0.145000,0.145000,0.153000,0.145000,0.145000,0.153000,0.145000,0.145000,0.145000,0.114000,0.145000,0.145000,0.145000,0.145000,0.145000,0.145000,0.145000,0.145000,0.145000,0.145000
1087,0.145000,0.135000,0.135000,0.145000,0.145000,0.153000,0.145000,0.145000,0.153000,0.145000,0.145000,0.145000,0.114000,0.145000,0.145000,0.145000,0.145000,0.145000,0.145000,0.145000,0.145000,0.145000,0.145000
1088,0.145000,0.135000,0.135000,0.145000,0.145000,0.153000,0.145000,0.145000,0.153000,0.145000,0.145000,0.145000,0.114000,0.145000,0.145000,0.145000,0.145000,0.145000,0.145000,0.145000,0.145000,0.145000,0.145000
1089,0.145000,0.135000,0.135000,0.145000,0.145000,0.153000,0.145000,0.145000,0.153000,0.145000,0.145000,0.145000,0.114000,0.145000,0.145000,0.145000,0.145000,0.145000,0.145000,0.145000,0.145000,0.145000,0.145000
1090,0.145000,0.135000,0.135000,0.145000,0.145000,0.153000,0.145000,0.145000,0.153000,0.145000,0.145000,0.145000,0.114000,0.145000,0.145000,0.145000,0.145000,0.145000,0.145000,0.145000,0.145000,0.145000,0.145000
1091,0.145000,0.135000,0.135000,0.145000,0.145000,0.153000,0.145000,0.145000,0.153000,0.145000,0.145000,0.145000,0.114000,0.145000,0.145000,0.145000,0.145000,0.145000,0.145000,0.145000,0.145000,0.145000,0.145000
1092,0.145000,0.135000,0.135000,0.145000,0.145000,0.153000,0.145000,0.145000,0.153000,0.145000,0.145000,0.145000,0.114000,0.145000,0.145000,0.145000,0.145000,0.145000,0.145000,0.145000,0.145000,0.145000,0.145000
1093,0.145000,0.135000,0.135000,0.145000,0.145000,0.153000,0.145000,0.145000,0.153000,0.145000,0.145000,0.145000,0.114000,0.145000,0.145000,0.145000,0.145000,0.145000,0.145000,0.145000,0.145000,0.145000,0.145000
1094,0.145000,0.135000,0.135000,0.145000,0.145000,0.153000,0.145000,0.145000,0.153000,0.145000,0.145000,0.145000,0.114000,0.145000,0.145000,0.145000,0.145000,0.145000,0.145000,0.145000,0.145000,0.145000,0.145000
1095,0.145000,0.135000,0.135000,0.145000,0.145000,0.153000,0.145000,0.145000,0.153000,0.145000,0.145000,0.145000,0.114000,0.145000,0.145000,0.145000,0.145000,0.145000,0.145000,0.145000,0.145000,0.145000,0.145000
1096,0.145000,0.135000,0.135000,0.145000,0.145000,0.153000,0.145000,0.145000,0.153000,0.145000,0.145000,0.145000,0.114000,0.145000,0.145000,0.145000,0.145000,0.145000,0.145000,0.145000,0.145000,0.145000,0.145000
1097,0.145000,0.135000,0.135000,0.145000,0.145000,0.153000,0.145000,0.145000,0.153000,0.145000,0.145000,0.145000,0.114000,0.145000,0.145000,0.145000,0.145000,0.145000,0.145000,0.145000,0.145000,0.145000,0.145000
1098,0.145000,0.135000,0.135000,0.145000,0.145000,0.153000,0.145000,0.145000,0.153000,0.145000,0.145000,0.145000,0.114000,0.145000,0.145000,0.145000,0.145000,0.145000,0.145000,0.145000,0.145000,0.145000,0.145000
1099,0.145000,0.135000,0.135000,0.145000,0.145000,0.153000,0.145000,0.145000,0.153000,0.145000,0.145000,0.145000,0.114000,0.145000,0.145000,0.145000,0.145000,0.145000,0.145000,0.145000,0.145000,0.145000,0.145000
1100,0.145000,0.135000,0.135000,0.145000,0.145000,0.153000,0.145000,0.145000,0.153000,0.145000,0.145000,0.145000,0.114000,0.145000,0.145000,0.145000,0.145000,0.145000,0.145000,0.145000,0.145000,0.145000,0.145000
1101,0.145000,0.135000,0.135000,0.145000,0.145000,0.153000,0.145000,0.145000,0.153000,0.145000,0.145000,0.145000,0.114000,0.145000,0.145000,0.145000,0.145000,0.145000,0.145000,0.145000,0.145000,0.145000,0.145000
1102,0.145000,0.135000,0.135000,0.145000,0.145000,0.153000,0.145000,0.145000,0.153000,0.145000,0.145000,0.145000,0.114000,0.145000,0.145000,0.145000,0.145000,0.145000,0.145000,0.145000,0.145000,0.145000,0.145000
1103,0.145000,0.135000,0.135000,0.145000,0.145000,0.153000,0.145000,0.145000,0.153000,0.145000,0.145000,0.145000,0.114000,0.145000,0.145000,0.145000,0.145000,0.145000,0.145000,0.145000,0.145000,0.145000,0.145000
1104,0.145000,0.135000,0.135000,0.145000,0.145000,0.153000,0.145000,0.145000,0.153000,0.145000,0.145000,0.145000,0.114000,0.145000,0.145000,0.145000,0.145000,0.145000,0.145000,0.145000,0.145000,0.145000,0.145000
1105,0.145000,0.135000,0.135000,0.145000,0.145000,0.153000,0.145000,0.145000,0.153000,0.145000,0.145000,0.145000,0.114000,0.145000,0.145000,0.145000,0.145000,0.145000,0.145000,0.145000,0.145000,0.145000,0.145000
1106,0.145000,0.135000,0.135000,0.145000,0.145000,0.153000,0.145000,0.145000,0.153000,0.145000,0.145000,0.145000,0.114000,0.145000,0.145000,0.145000,0.145000,0.145000,0.145000,0.145000,0.145000,0.145000,0.145000
1107,0.145000,0.135000,0.135000,0.145000,0.145000,0.153000,0.145000,0.145000,0.153000,0.145000,0.145000,0.145000,0.114000,0.145000,0.145000,0.145000,0.145000,0.145000,0.145000,0.145000,0.145000,0.145000,0.145000
1108,0.145000,0.135000,0.135000,0.145000,0.145000,0.153000,0.145000,0.145000,0.153000,0.145000,0.145000,0.145000,0.114000,0.145000,0.145000,0.145000,0.145000,0.145000,0.145000,0.145000,0.145000,0.145000,0.145000
1109,0.145000,0.135000,0.135000,0.145000,0.145000,0.153000,0.145000,0.145000,0.153000,0.145000,0.145000,0.145000,0.114000,0.145000,0.145000,0.145000,0.145000,0.145000,0.145000,0.145000,0.145000,0.145000,0.145000
1110,0.145000,0.135000,0.135000,0.145000,0.145000,0.153000,0.145000,0.145000,0.153000,0.145000,0.145000,0.145000,0.114000,0.145000,0.145000,0.145000,0.145000,0.145000,0.145000,0.145000,0.145000,0.145000,0.145000
1111,0.145000,0.135000,0.135000,0.145000,0.145000,0.153000,0.145000,0.145000,0.153000,0.145000,0.145000,0.145000,0.114000,0.145000,0.145000,0.145000,0.145000,0.145000,0.145000,0.145000,0.145000,0.145000,0.145000
1112,0.145000,0.135000,0.135000,0.145000,0.145000,0.153000,0.145000,0.145000,0.153000,0.145000,0.145000,0.145000,0.114000,0.145000,0.145000,0.145000,0.145000,0.145000,0.145000,0.145000,0.145000,0.145000,0.145000
1113,0.145000,0.135000,0.135000,0.145000,0.145000,0.153000,0.145000,0.145000,0.153000,0.145000,0.145000,0.145000,0.114000,0.145000,0.145000,0.145000,0.145000,0.145000,0.145000,0.145000,0.145000,0.145000,0.145000
1114,0.145000,0.135000,0.135000,0.145000,0.145000,0.153000,0.145000,0.145000,0.153000,0.145000,0.145000,0.145000,0.114000,0.145000,0.145000,0.145000,0.145000,0.145000,0.145000,0.145000,0.145000,0.145000,0.145000
1115,0.145000,0.135000,0.135000,0.145000,0.145000,0.153000,0.145000,0.145000,0.153000,0.145000,0.145000,0.145000,0.114000,0.145000,0.145000,0.145000,0.145000,0.145000,0.145000,0.145000,0.145000,0.145000,0.145000
1116,0.145000,0.135000,0.135000,0.145000,0.145000,0.153000,0.145000,0.145000,0.153000,0.145000,0.145000,0.145000,0.114000,0.145000,0.145000,0.145000,0.145000,0.145000,0.145000,0.145000,0.145000,0.145000,0.145000
1117,0.145000,0.135000,0.135000,0.145000,0.145000,0.153000,0.145000,0.145000,0.153000,0.145000,0.145000,0.145000,0.114000,0.145000,0.145000,0.145000,0.145000,0.145000,0.145000,0.145000,0.145000,0.145000,0.145000
1118,0.145000,0.135000,0.135000,0.145000,0.145000,0.153000,0.145000,0.145000,0.153000,0.145000,0.145000,0.145000,0.114000,0.145000,0.145000,0.145000,0.145000,0.145000,0.145000,0.145000,0.145000,0.145000,0.145000
1119,0.145000,0.135000,0.135000,0.145000,0.145000,0.153000,0.145000,0.145000,0.153000,0.145000,0.145000,0.145000,0.114000,0.145000,0.145000,0.145000,0.145000,0.145000,0.145000,0.145000,0.145000,0.145000,0.145000
1120,0.145000,0.135000,0.135000,0.145000,0.145000,0.153000,0.145000,0.145000,0.153000,0.145000,0.145000,0.145000,0.114000,0.145000,0.145000,0.145000,0.145000,0.145000,0.145000,0.145000,0.145000,0.145000,0.145000
1121,0.145000,0.135000,0.135000,0.145000,0.145000,0.153000,0.145000,0.145000,0.153000,0.145000,0.145000,0.145000,0.114000,0.145000,0.145000,0.145000,0.145000,0.145000,0.145000,0.145000,0.145000,0.145000,0.145000
1122,0.145000,0.135000,0.135000,0.145000,0.145000,0.153000,0.145000,0.145000,0.153000,0.145000,0.145000,0.145000,0.114000,0.145000,0.145000,0.145000,0.145000,0.145000,0.145000,0.145000,0.145000,0.145000,0.145000
1123,0.145000,0.135000,0.135000,0.145000,0.145000,0.153000,0.145000,0.145000,0.153000,0.145000,0.145000,0.145000,0.114000,0.145000,0.145000,0.145000,0.145000,0.145000,0.145000,0.145000,0.145000,0.145000,0.145000
1124,0.145000,0.135000,0.135000,0.145000,0.145000,0.153000,0.145000,0.145000,0.153000,0.145000,0.145000,0.145000,0.114000,0.145000,0.145000,0.145000,0.145000,0.145000,0.145000,0.145000,0.145000,0.145000,0.145000
1125,0.145000,0.135000,0.135000,0.145000,0.145000,0.153000,0.145000,0.145000,0.153000,0.145000,0.145000,0.145000,0.114000,0.145000,0.145000,0.145000,0.145000,0.145000,0.145000,0.145000,0.145000,0.145000,0.145000
1126,0.145000,0.135000,0.135000,0.145000,0.145000,0.153000,0.145000,0.145000,0.153000,0.145000,0.145000,0.145000,0.114000,0.145000,0.145000,0.145000,0.145000,0.145000,0.145000,0.145000,0.145000,0.145000,0.145000
1127,0.145000,0.135000,0.135000,0.145000,0.145000,0.153000,0.145000,0.145000,0.153000,0.145000,0.145000,0.145000,0.114000,0.145000,0.145000,0.145000,0.145000,0.145000,0.145000,0.145000,0.145000,0.145000,0.145000
1128,0.145000,0.135000,0.135000,0.145000,0.145000,0.153000,0.145000,0.145000,0.153000,0.145000,0.145000,0.145000,0.114000,0.145000,0.145000,0.145000,0.145000,0.145000,0.145000,0.145000,0.145000,0.145000,0.145000
1129,0.145000,0.135000,0.135000,0.145000,0.145000,0.153000,0.145000,0.145000,0.153000,0.145000,0.145000,0.145000,0.114000,0.145000,0.145000,0.145000,0.145000,0.145000,0.145000,0.145000,0.145000,0.145000,0.145000
1130,0.145000,0.135000,0.135000,0.145000,0.145000,0.153000,0.145000,0.145000,0.153000,0.145000,0.145000,0.145000,0.114000,0.145000,0.145000,0.145000,0.145000,0.145000,0.145000,0.145000,0.145000,0.145000,0.145000
1131,0.145000,0.135000,0.135000,0.145000,0.145000,0.153000,0.145000,0.145000,0.153000,0.145000,0.145000,0.145000,0.114000,0.145000,0.145000,0.145000,0.145000,0.145000,0.145000,0.145000,0.145000,0.145000,0.145000
1132,0.145000,0.135000,0.135000,0.145000,0.145000,0.153000,0.145000,0.145000,0.153000,0.145000,0.145000,0.145000,0.114000,0.145000,0.145000,0.145000,0.145000,0.145000,0.145000,0.145000,0.145000,0.145000,0.145000
1133,0.145000,0.135000,0.135000,0.145000,0.145000,0.153000,0.145000,0.145000,0.153000,0.145000,0.145000,0.145000,0.114000,0.145000,0.145000,0.145000,0.145000,0.145000,0.145000,0.145000,0.145000,0.145000,0.145000
1134,0.145000,0.135000,0.135000,0.145000,0.145000,0.153000,0.145000,0.145000,0.153000,0.145000,0.145000,0.145000,0.114000,0.145000,0.145000,0.145000,0.145000,0.145000,0.145000,0.145000,0.145000,0.145000,0.145000
1135,0.145000,0.135000,0.135000,0.145000,0.145000,0.153000,0.145000,0.145000,0.153000,0.145000,0.145000,0.145000,0.114000,0.145000,0.145000,0.145000,0.145000,0.145000,0.145000,0.145000,0.145000,0.145000,0.145000
1136,0.145000,0.135000,0.135000,0.145000,0.145000,0.153000,0.145000,0.145000,0.153000,0.145000,0.145000,0.145000,0.114000,0.145000,0.145000,0.145000,0.145000,0.145000,0.145000,0.145000,0.145000,0.145000,0.145000
1137,0.145000,0.135000,0.135000,0.145000,0.145000,0.153000,0.145000,0.145000,0.153000,0.145000,0.145000,0.145000,0.114000,0.145000,0.145000,0.145000,0.145000,0.145000,0.145000,0.145000,0.145000,0.145000,0.145000
1138,0.145000,0.135000,0.135000,0.145000,0.145000,0.153000,0.145000,0.145000,0.153000,0.145000,0.145000,0.145000,0.114000,0.145000,0.145000,0.145000,0.145000,0.145000,0.145000,0.145000,0.145000,0.145000,0.145000
1139,0.145000,0.135000,0.135000,0.145000,0.145000,0.153000,0.145000,0.145000,0.153000,0.145000,0.145000,0.145000,0.114000,0.145000,0.145000,0.145000,0.145000,0.145000,0.145000,0.145000,0.145000,0.145000,0.145000
1140,0.145000,0.135000,0.135000,0.145000,0.145000,0.153000,0.145000,0.145000,0.153000,0.145000,0.145000,0.145000,0.114000,0.145000,0.145000,0.145000,0.145000,0.145000,0.145000,0.145000,0.145000,0.145000,0.145000
1141,0.145000,0.135000,0.135000,0.145000,0.145000,0.153000,0.145000,0.145000,0.153000,0.145000,0.145000,0.145000,0.114000,0.145000,0.145000,0.145000,0.145000,0.145000,0.145000,0.145000,0.145000,0.145000,0.145000
1142,0.145000,0.135000,0.135000,0.145000,0.145000,0.153000,0.145000,0.145000,0.153000,0.145000,0.145000,0.145000,0.114000,0.145000,0.145000,0.145000,0.145000,0.145000,0.145000,0.145000,0.145000,0.145000,0.145000
1143,0.145000,0.135000,0.135000,0.145000,0.145000,0.153000,0.145000,0.145000,0.153000,0.145000,0.145000,0.145000,0.114000,0.145000,0.145000,0.145000,0.145000,0.145000,0.145000,0.145000,0.145000,0.145000,0.145000
1144,0.145000,0.135000,0.135000,0.145000,0.145000,0.153000,0.145000,0.145000,0.153000,0.145000,0.145000,0.145000,0.114000,0.145000,0.145000,0.145000,0.145000,0.145000,0.145000,0.145000,0.145000,0.145000,0.145000
1145,0.145000,0.135000,0.135000,0.145000,0.145000,0.153000,0.145000,0.145000,0.153000,0.145000,0.145000,0.145000,0.114000,0.145000,0.145000,0.145000,0.145000,0.145000,0.145000,0.145000,0.145000,0.145000,0.145000
1146,0.145000,0.135000,0.135000,0.145000,0.145000,0.153000,0.145000,0.145000,0.153000,0.145000,0.145000,0.145000,0.114000,0.145000,0.145000,0.145000,0.145000,0.145000,0.145000,0.145000,0.145000,0.145000,0.145000
1147,0.145000,0.135000,0.135000,0.145000,0.145000,0.153000,0.145000,0.145000,0.153000,0.145000,0.145000,0.145000,0.114000,0.145000,0.145000,0.145000,0.145000,0.145000,0.145000,0.145000,0.145000,0.145000,0.145000
1148,0.145000,0.135000,0.135000,0.145000,0.145000,0.153000,0.145000,0.145000,0.153000,0.145000,0.145000,0.145000,0.114000,0.145000,0.145000,0.145000,0.145000,0.145000,0.145000,0.145000,0.145000,0.145000,0.145000
1149,0.145000,0.135000,0.135000,0.145000,0.145000,0.153000,0.145000,0.145000,0.153000,0.145000,0.145000,0.145000,0.114000,0.145000,0.145000,0.145000,0.145000,0.145000,0.145000,0.145000,0.145000,0.145000,0.145000
1150,0.145000,0.135000,0.135000,0.145000,0.145000,0.153000,0.145000,0.145000,0.153000,0.145000,0.145000,0.145000,0.114000,0.145000,0.145000,0.145000,0.145000,0.145000,0.145000,0.145000,0.145000,0.145000,0.145000
1151,0.145000,0.135000,0.135000,0.145000,0.145000,0.153000,0.145000,0.145000,0.153000,0.145000,0.145000,0.145000,0.114000,0.145000,0.145000,0.145000,0.145000,0.145000,0.145000,0.145000,0.145000,0.145000,0.145000
1152,0.145000,0.135000,0.135000,0.145000,0.145000,0.153000,0.145000,0.145000,0.153000,0.145000,0.145000,0.145000,0.114000,0.145000,0.145000,0.145000,0.145000,0.145000,0.145000,0.145000,0.145000,0.145000,0.145000
1153,0.145000,0.135000,0.135000,0.145000,0.145000,0.153000,0.145000,0.145000,0.153000,0.145000,0.145000,0.145000,0.114000,0.145000,0.145000,0.145000,0.145000,0.145000,0.145000,0.145000,0.145000,0.145000,0.145000
1154,0.145000,0.135000,0.135000,0.145000,0.145000,0.153000,0.145000,0.145000,0.153000,0.145000,0.145000,0.145000,0.114000,0.145000,0.145000,0.145000,0.145000,0.145000,0.145000,0.145000,0.145000,0.145000,0.145000
1155,0.145000,0.135000,0.135000,0.145000,0.145000,0.153000,0.145000,0.145000,0.153000,0.145000,0.145000,0.145000,0.114000,0.145000,0.145000,0.145000,0.145000,0.145000,0.145000,0.145000,0.145000,0.145000,0.145000
1156,0.145000,0.135000,0.135000,0.145000,0.145000,0.153000,0.145000,0.145000,0.153000,0.145000,0.145000,0.145000,0.114000,0.145000,0.145000,0.145000,0.145000,0.145000,0.145000,0.145000,0.145000,0.145000,0.145000
1157,0.145000,0.135000,0.135000,0.145000,0.145000,0.153000,0.145000,0.145000,0.153000,0.145000,0.145000,0.145000,0.114000,0.145000,0.145000,0.145000,0.145000,0.145000,0.145000,0.145000,0.145000,0.145000,0.145000
1158,0.145000,0.135000,0.135000,0.145000,0.145000,0.153000,0.145000,0.145000,0.153000,0.145000,0.145000,0.145000,0.114000,0.145000,0.145000,0.145000,0.145000,0.145000,0.145000,0.145000,0.145000,0.145000,0.145000
1159,0.145000,0.135000,0.135000,0.145000,0.145000,0.153000,0.145000,0.145000,0.153000,0.145000,0.145000,0.145000,0.114000,0.145000,0.145000,0.145000,0.145000,0.145000,0.145000,0.145000,0.145000,0.145000,0.145000
1160,0.145000,0.135000,0.135000,0.145000,0.145000,0.153000,0.145000,0.145000,0.153000,0.145000,0.145000,0.145000,0.114000,0.145000,0.145000,0.145000,0.145000,0.145000,0.145000,0.145000,0.145000,0.145000,0.145000
1161,0.145000,0.135000,0.135000,0.145000,0.145000,0.153000,0.145000,0.145000,0.153000,0.145000,0.145000,0.145000,0.114000,0.145000,0.145000,0.145000,0.145000,0.145000,0.145000,0.145000,0.145000,0.145000,0.145000
1162,0.145000,0.135000,0.135000,0.145000,0.145000,0.153000,0.145000,0.145000,0.153000,0.145000,0.145000,0.145000,0.114000,0.145000,0.145000,0.145000,0.145000,0.145000,0.145000,0.145000,0.145000,0.145000,0.145000
1163,0.145000,0.135000,0.135000,0.145000,0.145000,0.153000,0.145000,0.145000,0.153000,0.145000,0.145000,0.145000,0.114000,0.145000,0.145000,0.145000,0.145000,0.145000,0.145000,0.145000,0.145000,0.145000,0.145000
1164,0.145000,0.135000,0.135000,0.145000,0.145000,0.153000,0.145000,0.145000,0.153000,0.145000,0.145000,0.145000,0.114000,0.145000,0.145000,0.145000,0.145000,0.145000,0.145000,0.145000,0.145000,0.145000,0.145000
1165,0.145000,0.135000,0.135000,0.145000,0.145000,0.153000,0.145000,0.145000,0.153000,0.145000,0.145000,0.145000,0.114000,0.145000,0.145000,0.145000,0.145000,0.145000,0.145000,0.145000,0.145000,0.145000,0.145000
1166,0.145000,0.135000,0.135000,0.145000,0.145000,0.153000,0.145000,0.145000,0.153000,0.145000,0.145000,0.145000,0.114000,0.145000,0.145000,0.145000,0.145000,0.145000,0.145000,0.145000,0.145000,0.145000,0.145000
1167,0.145000,0.135000,0.135000,0.145000,0.145000,0.153000,0.145000,0.145000,0.153000,0.145000,0.145000,0.145000,0.114000,0.145000,0.145000,0.145000,0.145000,0.145000,0.145000,0.145000,0.145000,0.145000,0.145000
1168,0.145000,0.135000,0.135000,0.145000,0.145000,0.153000,0.145000,0.145000,0.153000,0.145000,0.145000,0.145000,0.114000,0.145000,0.145000,0.145000,0.145000,0.145000,0.145000,0.145000,0.145000,0.145000,0.145000
1169,0.145000,0.135000,0.135000,0.145000,0.145000,0.153000,0.145000,0.145000,0.153000,0.145000,0.145000,0.145000,0.114000,0.145000,0.145000,0.145000,0.145000,0.145000,0.145000,0.145000,0.145000,0.145000,0.145000
1170,0.145000,0.135000,0.135000,0.145000,0.145000,0.153000,0.145000,0.145000,0.153000,0.145000,0.145000,0.145000,0.114000,0.145000,0.145000,0.145000,0.145000,0.145000,0.145000,0.145000,0.145000,0.145000,0.145000
1171,0.145000,0.135000,0.135000,0.145000,0.145000,0.153000,0.145000,0.145000,0.153000,0.145000,0.145000,0.145000,0.114000,0.145000,0.145000,0.145000,0.145000,0.145000,0.145000,0.145000,0.145000,0.145000,0.145000
1172,0.145000,0.135000,0.135000,0.145000,0.145000,0.153000,0.145000,0.145000,0.153000,0.145000,0.145000,0.145000,0.114000,0.145000,0.145000,0.145000,0.145000,0.145000,0.145000,0.145000,0.145000,0.145000,0.145000
1173,0.145000,0.135000,0.135000,0.145000,0.145000,0.153000,0.145000,0.145000,0.153000,0.145000,0.145000,0.145000,0.114000,0.145000,0.145000,0.145000,0.145000,0.145000,0.145000,0.145000,0.145000,0.145000,0.145000
1174,0.145000,0.135000,0.135000,0.145000,0.145000,0.153000,0.145000,0.145000,0.153000,0.145000,0.145000,0.145000,0.114000,0.145000,0.145000,0.145000,0.145000,0.145000,0.145000,0.145000,0.145000,0.145000,0.145000
1175,0.145000,0.135000,0.135000,0.145000,0.145000,0.153000,0.145000,0.145000,0.153000,0.145000,0.145000,0.145000,0.114000,0.145000,0.145000,0.145000,0.145000,0.145000,0.145000,0.145000,0.145000,0.145000,0.145000
1176,0.145000,0.135000,0.135000,0.145000,0.145000,0.153000,0.145000,0.145000,0.153000,0.145000,0.145000,0.145000,0.114000,0.145000,0.145000,0.145000,0.145000,0.145000,0.145000,0.145000,0.145000,0.145000,0.145000
1177,0.145000,0.135000,0.135000,0.145000,0.145000,0.153000,0.145000,0.145000,0.153000,0.145000,0.145000,0.145000,0.114000,0.145000,0.145000,0.145000,0.145000,0.145000,0.145000,0.145000,0.145000,0.145000,0.145000
1178,0.145000,0.135000,0.135000,0.145000,0.145000,0.153000,0.145000,0.145000,0.153000,0.145000,0.145000,0.145000,0.114000,0.145000,0.145000,0.145000,0.145000,0.145000,0.145000,0.145000,0.145000,0.145000,0.145000
1179,0.145000,0.135000,0.135000,0.145000,0.145000,0.153000,0.145000,0.145000,0.153000,0.145000,0.145000,0.145000,0.114000,0.145000,0.145000,0.145000,0.145000,0.145000,0.145000,0.145000,0.145000,0.145000,0.145000
1180,0.145000,0.135000,0.135000,0.145000,0.145000,0.153000,0.145000,0.145000,0.153000,0.145000,0.145000,0.145000,0.114000,0.145000,0.145000,0.145000,0.145000,0.145000,0.145000,0.145000,0.145000,0.145000,0.145000
1181,0.145000,0.135000,0.135000,0.145000,0.145000,0.153000,0.145000,0.145000,0.153000,0.145000,0.145000,0.145000,0.114000,0.145000,0.145000,0.145000,0.145000,0.145000,0.145000,0.145000,0.145000,0.145000,0.145000
1182,0.145000,0.135000,0.135000,0.145000,0.145000,0.153000,0.145000,0.145000,0.153000,0.145000,0.145000,0.145000,0.114000,0.145000,0.145000,0.145000,0.145000,0.145000,0.145000,0.145000,0.145000,0.145000,0.145000
1183,0.145000,0.135000,0.135000,0.145000,0.145000,0.153000,0.145000,0.145000,0.153000,0.145000,0.145000,0.145000,0.114000,0.145000,0.145000,0.145000,0.145000,0.145000,0.145000,0.145000,0.145000,0.145000,0.145000
1184,0.145000,0.135000,0.135000,0.145000,0.145000,0.153000,0.145000,0.145000,0.153000,0.145000,0.145000,0.145000,0.114000,0.145000,0.145000,0.145000,0.145000,0.145000,0.145000,0.145000,0.145000,0.145000,0.145000
1185,0.145000,0.135000,0.135000,0.145000,0.145000,0.153000,0.145000,0.145000,0.153000,0.145000,0.145000,0.145000,0.114000,0.145000,0.145000,0.145000,0.145000,0.145000,0.145000,0.145000,0.145000,0.145000,0.145000
1186,0.145000,0.135000,0.135000,0.145000,0.145000,0.153000,0.145000,0.145000,0.153000,0.145000,0.145000,0.145000,0.114000,0.145000,0.145000,0.145000,0.145000,0.145000,0.145000,0.145000,0.145000,0.145000,0.145000
1187,0.145000,0.135000,0.135000,0.145000,0.145000,0.153000,0.145000,0.145000,0.153000,0.145000,0.145000,0.145000,0.114000,0.145000,0.145000,0.145000,0.145000,0.145000,0.145000,0.145000,0.145000,0.145000,0.145000
1188,0.145000,0.135000,0.135000,0.145000,0.145000,0.153000,0.145000,0.145000,0.153000,0.145000,0.145000,0.145000,0.114000,0.145000,0.145000,0.145000,0.145000,0.145000,0.145000,0.145000,0.145000,0.145000,0.145000
1189,0.145000,0.135000,0.135000,0.145000,0.145000,0.153000,0.145000,0.145000,0.153000,0.145000,0.145000,0.145000,0.114000,0.145000,0.145000,0.145000,0.145000,0.145000,0.145000,0.145000,0.145000,0.145000,0.145000
1190,0.145000,0.135000,0.135000,0.145000,0.145000,0.153000,0.145000,0.145000,0.153000,0.145000,0.145000,0.145000,0.114000,0.145000,0.145000,0.145000,0.145000,0.145000,0.145000,0.145000,0.145000,0.145000,0.145000
1191,0.145000,0.135000,0.135000,0.145000,0.145000,0.153000,0.145000,0.145000,0.153000,0.145000,0.145000,0.145000,0.114000,0.145000,0.145000,0.145000,0.145000,0.145000,0.145000,0.145000,0.145000,0.145000,0.145000
1192,0.145000,0.135000,0.135000,0.145000,0.145000,0.153000,0.145000,0.145000,0.153000,0.145000,0.145000,0.145000,0.114000,0.145000,0.145000,0.145000,0.145000,0.145000,0.145000,0.145000,0.145000,0.145000,0.145000
1193,0.145000,0.135000,0.135000,0.145000,0.145000,0.153000,0.145000,0.145000,0.153000,0.145000,0.145000,0.145000,0.114000,0.145000,0.145000,0.145000,0.145000,0.145000,0.145000,0.145000,0.145000,0.145000,0.145000
1194,0.145000,0.135000,0.135000,0.145000,0.145000,0.153000,0.145000,0.145000,0.153000,0.145000,0.145000,0.145000,0.114000,0.145000,0.145000,0.145000,0.145000,0.145000,0.145000,0.145000,0.145000,0.145000,0.145000
1195,0.145000,0.135000,0.135000,0.145000,0.145000,0.153000,0.145000,0.145000,0.153000,0.145000,0.145000,0.145000,0.114000,0.145000,0.145000,0.145000,0.145000,0.145000,0.145000,0.145000,0.145000,0.145000,0.145000
1196,0.145000,0.135000,0.135000,0.145000,0.145000,0.153000,0.145000,0.145000,0.153000,0.145000,0.145000,0.145000,0.114000,0.145000,0.145000,0.145000,0.145000,0.145000,0.145000,0.145000,0.145000,0.145000,0.145000
1197,0.145000,0.135000,0.135000,0.145000,0.145000,0.153000,0.145000,0.145000,0.153000,0.145000,0.145000,0.145000,0.114000,0.145000,0.145000,0.145000,0.145000,0.145000,0.145000,0.145000,0.145000,0.145000,0.145000
1198,0.145000,0.135000,0.135000,0.145000,0.145000,0.153000,0.145000,0.145000,0.153000,0.145000,0.145000,0.145000,0.114000,0.145000,0.145000,0.145000,0.145000,0.145000,0.145000,0.145000,0.145000,0.145000,0.145000
1199,0.145000,0.135000,0.135000,0.145000,0.145000,0.153000,0.145000,0.145000,0.153000,0.145000,0.145000,0.145000,0.114000,0.145000,0.145000,0.145000,0.145000,0.145000,0.145000,0.145000,0.145000,0.145000,0.145000
1200,0.145000,0.135000,0.135000,0.145000,0.145000,0.153000,0.145000,0.145000,0.153000,0.145000,0.145000,0.145000,0.114000,0.145000,0.145000,0.145000,0.145000,0.145000,0.145000,0.145000,0.145000,0.145000,0.145000
1201,0.145000,0.135000,0.135000,0.145000,0.145000,0.153000,0.145000,0.145000,0.153000,0.145000,0.145000,0.145000,0.114000,0.145000,0.145000,0.145000,0.145000,0.145000,0.145000,0.145000,0.145000,0.145000,0.145000
1202,0.145000,0.135000,0.135000,0.145000,0.145000,0.153000,0.145000,0.145000,0.153000,0.145000,0.145000,0.145000,0.114000,0.145000,0.145000,0.145000,0.145000,0.145000,0.145000,0.145000,0.145000,0.145000,0.145000
1203,0.145000,0.135000,0.135000,0.145000,0.145000,0.153000,0.145000,0.145000,0.153000,0.145000,0.145000,0.145000,0.114000,0.145000,0.145000,0.145000,0.145000,0.145000,0.145000,0.145000,0.145000,0.145000,0.145000
1204,0.145000,0.135000,0.135000,0.145000,0.145000,0.153000,0.145000,0.145000,0.153000,0.145000,0.145000,0.145000,0.114000,0.145000,0.145000,0.145000,0.145000,0.145000,0.145000,0.145000,0.145000,0.145000,0.145000
1205,0.145000,0.135000,0.135000,0.145000,0.145000,0.153000,0.145000,0.145000,0.153000,0.145000,0.145000,0.145000,0.114000,0.145000,0.145000,0.145000,0.145000,0.145000,0.145000,0.145000,0.145000,0.145000,0.145000
1206,0.145000,0.135000,0.135000,0.145000,0.145000,0.153000,0.145000,0.145000,0.153000,0.145000,0.145000,0.145000,0.114000,0.145000,0.145000,0.145000,0.145000,0.145000,0.145000,0.145000,0.145000,0.145000,0.145000
1207,0.145000,0.135000,0.135000,0.145000,0.145000,0.153000,0.145000,0.145000,0.153000,0.145000,0.145000,0.145000,0.114000,0.145000,0.145000,0.145000,0.145000,0.145000,0.145000,0.145000,0.145000,0.145000,0.145000
1208,0.145000,0.135000,0.135000,0.145000,0.145000,0.153000,0.145000,0.145000,0.153000,0.145000,0.145000,0.145000,0.114000,0.145000,0.145000,0.145000,0.145000,0.145000,0.145000,0.145000,0.145000,0.145000,0.145000
1209,0.145000,0.135000,0.135000,0.145000,0.145000,0.153000,0.145000,0.145000,0.153000,0.145000,0.145000,0.145000,0.114000,0.145000,0.145000,0.145000,0.145000,0.145000,0.145000,0.145000,0.145000,0.145000,0.145000
1210,0.145000,0.135000,0.135000,0.145000,0.145000,0.153000,0.145000,0.145000,0.153000,0.145000,0.145000,0.145000,0.114000,0.145000,0.145000,0.145000,0.145000,0.145000,0.145000,0.145000,0.145000,0.145000,0.145000
1211,0.145000,0.135000,0.135000,0.145000,0.145000,0.153000,0.145000,0.145000,0.153000,0.145000,0.145000,0.145000,0.114000,0.145000,0.145000,0.145000,0.145000,0.145000,0.145000,0.145000,0.145000,0.145000,0.145000
1212,0.145000,0.135000,0.135000,0.145000,0.145000,0.153000,0.145000,0.145000,0.153000,0.145000,0.145000,0.145000,0.114000,0.145000,0.145000,0.145000,0.145000,0.145000,0.145000,0.145000,0.145000,0.145000,0.145000
1213,0.145000,0.135000,0.135000,0.145000,0.145000,0.153000,0.145000,0.145000,0.153000,0.145000,0.145000,0.145000,0.114000,0.145000,0.145000,0.145000,0.145000,0.145000,0.145000,0.145000,0.145000,0.145000,0.145000
1214,0.145000,0.135000,0.135000,0.145000,0.145000,0.153000,0.145000,0.145000,0.153000,0.145000,0.145000,0.145000,0.114000,0.145000,0.145000,0.145000,0.145000,0.145000,0.145000,0.145000,0.145000,0.145000,0.145000
1215,0.145000,0.135000,0.135000,0.145000,0.145000,0.153000,0.145000,0.145000,0.153000,0.145000,0.145000,0.145000,0.114000,0.145000,0.145000,0.145000,0.145000,0.145000,0.145000,0.145000,0.145000,0.145000,0.145000
1216,0.145000,0.135000,0.135000,0.145000,0.145000,0.153000,0.145000,0.145000,0.153000,0.145000,0.145000,0.145000,0.114000,0.145000,0.145000,0.145000,0.145000,0.145000,0.145000,0.145000,0.145000,0.145000,0.145000
1217,0.145000,0.135000,0.135000,0.145000,0.145000,0.153000,0.145000,0.145000,0.153000,0.145000,0.145000,0.145000,0.114000,0.145000,0.145000,0.145000,0.145000,0.145000,0.145000,0.145000,0.145000,0.145000,0.145000
1218,0.145000,0.135000,0.135000,0.145000,0.145000,0.153000,0.145000,0.145000,0.153000,0.145000,0.145000,0.145000,0.114000,0.145000,0.145000,0.145000,0.145000,0.145000,0.145000,0.145000,0.145000,0.145000,0.145000
1219,0.145000,0.135000,0.135000,0.145000,0.145000,0.153000,0.145000,0.145000,0.153000,0.145000,0.145000,0.145000,0.114000,0.145000,0.145000,0.145000,0.145000,0.145000,0.145000,0.145000,0.145000,0.145000,0.145000
1220,0.145000,0.135000,0.135000,0.145000,0.145000,0.153000,0.145000,0.145000,0.153000,0.145000,0.145000,0.145000,0.114000,0.145000,0.145000,0.145000,0.145000,0.145000,0.145000,0.145000,0.145000,0.145000,0.145000
1221,0.145000,0.135000,0.135000,0.145000,0.145000,0.153000,0.145000,0.145000,0.153000,0.145000,0.145000,0.145000,0.114000,0.145000,0.145000,0.145000,0.145000,0.145000,0.145000,0.145000,0.145000,0.145000,0.145000
1222,0.145000,0.135000,0.135000,0.145000,0.145000,0.153000,0.145000,0.145000,0.153000,0.145000,0.145000,0.145000,0.114000,0.145000,0.145000,0.145000,0.145000,0.145000,0.145000,0.145000,0.145000,0.145000,0.145000
1223,0.145000,0.135000,0.135000,0.145000,0.145000,0.153000,0.145000,0.145000,0.153000,0.145000,0.145000,0.145000,0.114000,0.145000,0.145000,0.145000,0.145000,0.145000,0.145000,0.145000,0.145000,0.145000,0.145000
1224,0.145000,0.135000,0.135000,0.145000,0.145000,0.153000,0.145000,0.145000,0.153000,0.145000,0.145000,0.145000,0.114000,0.145000,0.145000,0.145000,0.145000,0.145000,0.145000,0.145000,0.145000,0.145000,0.145000
1225,0.145000,0.135000,0.135000,0.145000,0.145000,0.153000,0.145000,0.145000,0.153000,0.145000,0.145000,0.145000,0.114000,0.145000,0.145000,0.145000,0.145000,0.145000,0.145000,0.145000,0.145000,0.145000,0.145000
1226,0.145000,0.135000,0.135000,0.145000,0.145000,0.153000,0.145000,0.145000,0.153000,0.145000,0.145000,0.145000,0.114000,0.145000,0.145000,0.145000,0.145000,0.145000,0.145000,0.145000,0.145000,0.145000,0.145000
1227,0.145000,0.135000,0.135000,0.145000,0.145000,0.153000,0.145000,0.145000,0.153000,0.145000,0.145000,0.145000,0.114000,0.145000,0.145000,0.145000,0.145000,0.145000,0.145000,0.145000,0.145000,0.145000,0.145000
1228,0.145000,0.135000,0.135000,0.145000,0.145000,0.153000,0.145000,0.145000,0.153000,0.145000,0.145000,0.145000,0.114000,0.145000,0.145000,0.145000,0.145000,0.145000,0.145000,0.145000,0.145000,0.145000,0.145000
1229,0.145000,0.135000,0.135000,0.145000,0.145000,0.153000,0.145000,0.145000,0.153000,0.145000,0.145000,0.145000,0.114000,0.145000,0.145000,0.145000,0.145000,0.145000,0.145000,0.145000,0.145000,0.145000,0.145000
1230,0.145000,0.135000,0.135000,0.145000,0.145000,0.153000,0.145000,0.145000,0.153000,0.145000,0.145000,0.145000,0.114000,0.145000,0.145000,0.145000,0.145000,0.145000,0.145000,0.145000,0.145000,0.145000,0.145000
1231,0.145000,0.135000,0.135000,0.145000,0.145000,0.153000,0.145000,0.145000,0.153000,0.145000,0.145000,0.145000,0.114000,0.145000,0.145000,0.145000,0.145000,0.145000,0.145000,0.145000,0.145000,0.145000,0.145000
1232,0.145000,0.135000,0.135000,0.145000,0.145000,0.153000,0.145000,0.145000,0.153000,0.145000,0.145000,0.145000,0.114000,0.145000,0.145000,0.145000,0.145000,0.145000,0.145000,0.145000,0.145000,0.145000,0.145000
1233,0.145000,0.135000,0.135000,0.145000,0.145000,0.153000,0.145000,0.145000,0.153000,0.145000,0.145000,0.145000,0.114000,0.145000,0.145000,0.145000,0.145000,0.145000,0.145000,0.145000,0.145000,0.145000,0.145000
1234,0.145000,0.135000,0.135000,0.145000,0.145000,0.153000,0.145000,0.145000,0.153000,0.145000,0.145000,0.145000,0.114000,0.145000,0.145000,0.145000,0.145000,0.145000,0.145000,0.145000,0.145000,0.145000,0.145000
1235,0.145000,0.135000,0.135000,0.145000,0.145000,0.153000,0.145000,0.145000,0.153000,0.145000,0.145000,0.145000,0.114000,0.145000,0.145000,0.145000,0.145000,0.145000,0.145000,0.145000,0.145000,0.145000,0.145000
1236,0.145000,0.135000,0.135000,0.145000,0.145000,0.153000,0.145000,0.145000,0.153000,0.145000,0.145000,0.145000,0.114000,0.145000,0.145000,0.145000,0.145000,0.145000,0.145000,0.145000,0.145000,0.145000,0.145000
1237,0.145000,0.135000,0.135000,0.145000,0.145000,0.153000,0.145000,0.145000,0.153000,0.145000,0.145000,0.145000,0.114000,0.145000,0.145000,0.145000,0.145000,0.145000,0.145000,0.145000,0.145000,0.145000,0.145000
1238,0.145000,0.135000,0.135000,0.145000,0.145000,0.153000,0.145000,0.145000,0.153000,0.145000,0.145000,0.145000,0.114000,0.145000,0.145000,0.145000,0.145000,0.145000,0.145000,0.145000,0.145000,0.145000,0.145000
1239,0.145000,0.135000,0.135000,0.145000,0.145000,0.153000,0.145000,0.145000,0.153000,0.145000,0.145000,0.145000,0.114000,0.145000,0.145000,0.145000,0.145000,0.145000,0.145000,0.145000,0.145000,0.145000,0.145000
1240,0.145000,0.135000,0.135000,0.145000,0.145000,0.153000,0.145000,0.145000,0.153000,0.145000,0.145000,0.145000,0.114000,0.145000,0.145000,0.145000,0.145000,0.145000,0.145000,0.145000,0.145000,0.145000,0.145000
1241,0.145000,0.135000,0.135000,0.145000,0.145000,0.153000,0.145000,0.145000,0.153000,0.145000,0.145000,0.145000,0.114000,0.145000,0.145000,0.145000,0.145000,0.145000,0.145000,0.145000,0.145000,0.145000,0.145000
1242,0.145000,0.135000,0.135000,0.145000,0.145000,0.153000,0.145000,0.145000,0.153000,0.145000,0.145000,0.145000,0.114000,0.145000,0.145000,0.145000,0.145000,0.145000,0.145000,0.145000,0.145000,0.145000,0.145000
1243,0.145000,0.135000,0.135000,0.145000,0.145000,0.153000,0.145000,0.145000,0.153000,0.145000,0.145000,0.145000,0.114000,0.145000,0.145000,0.145000,0.145000,0.145000,0.145000,0.145000,0.145000,0.145000,0.145000
1244,0.145000,0.135000,0.135000,0.145000,0.145000,0.153000,0.145000,0.145000,0.153000,0.145000,0.145000,0.145000,0.114000,0.145000,0.145000,0.145000,0.145000,0.145000,0.145000,0.145000,0.145000,0.145000,0.145000
1245,0.145000,0.135000,0.135000,0.145000,0.145000,0.153000,0.145000,0.145000,0.153000,0.145000,0.145000,0.145000,0.114000,0.145000,0.145000,0.145000,0.145000,0.145000,0.145000,0.145000,0.145000,0.145000,0.145000
1246,0.145000,0.135000,0.135000,0.145000,0.145000,0.153000,0.145000,0.145000,0.153000,0.145000,0.145000,0.145000,0.114000,0.145000,0.145000,0.145000,0.145000,0.145000,0.145000,0.145000,0.145000,0.145000,0.145000
1247,0.145000,0.135000,0.135000,0.145000,0.145000,0.153000,0.145000,0.145000,0.153000,0.145000,0.145000,0.145000,0.114000,0.145000,0.145000,0.145000,0.145000,0.145000,0.145000,0.145000,0.145000,0.145000,0.145000
1248,0.145000,0.135000,0.135000,0.145000,0.145000,0.153000,0.145000,0.145000,0.153000,0.145000,0.145000,0.145000,0.114000,0.145000,0.145000,0.145000,0.145000,0.145000,0.145000,0.145000,0.145000,0.145000,0.145000
1249,0.145000,0.135000,0.135000,0.145000,0.145000,0.153000,0.145000,0.145000,0.153000,0.145000,0.145000,0.145000,0.114000,0.145000,0.145000,0.145000,0.145000,0.145000,0.145000,0.145000,0.145000,0.145000,0.145000
1250,0.145000,0.135000,0.135000,0.145000,0.145000,0.153000,0.145000,0.145000,0.153000,0.145000,0.145000,0.145000,0.114000,0.145000,0.145000,0.145000,0.145000,0.145000,0.145000,0.145000,0.145000,0.145000,0.145000
1251,0.145000,0.135000,0.135000,0.145000,0.145000,0.153000,0.145000,0.145000,0.153000,0.145000,0.145000,0.145000,0.114000,0.145000,0.145000,0.145000,0.145000,0.145000,0.145000,0.145000,0.145000,0.145000,0.145000
1252,0.145000,0.135000,0.135000,0.145000,0.145000,0.153000,0.145000,0.145000,0.153000,0.145000,0.145000,0.145000,0.114000,0.145000,0.145000,0.145000,0.145000,0.145000,0.145000,0.145000,0.145000,0.145000,0.145000
1253,0.145000,0.135000,0.135000,0.145000,0.145000,0.153000,0.145000,0.145000,0.153000,0.145000,0.145000,0.145000,0.114000,0.145000,0.145000,0.145000,0.145000,0.145000,0.145000,0.145000,0.145000,0.145000,0.145000
1254,0.145000,0.135000,0.135000,0.145000,0.145000,0.153000,0.145000,0.145000,0.153000,0.145000,0.145000,0.145000,0.114000,0.145000,0.145000,0.145000,0.145000,0.145000,0.145000,0.145000,0.145000,0.145000,0.145000
1255,0.145000,0.135000,0.135000,0.145000,0.145000,0.153000,0.145000,0.145000,0.153000,0.145000,0.145000,0.145000,0.114000,0.145000,0.145000,0.145000,0.145000,0.145000,0.145000,0.145000,0.145000,0.145000,0.145000
1256,0.145000,0.135000,0.135000,0.145000,0.145000,0.153000,0.145000,0.145000,0.153000,0.145000,0.145000,0.145000,0.114000,0.145000,0.145000,0.145000,0.145000,0.145000,0.145000,0.145000,0.145000,0.145000,0.145000
1257,0.145000,0.135000,0.135000,0.145000,0.145000,0.153000,0.145000,0.145000,0.153000,0.145000,0.145000,0.145000,0.114000,0.145000,0.145000,0.145000,0.145000,0.145000,0.145000,0.145000,0.145000,0.145000,0.145000
1258,0.145000,0.135000,0.135000,0.145000,0.145000,0.153000,0.145000,0.145000,0.153000,0.145000,0.145000,0.145000,0.114000,0.145000,0.145000,0.145000,0.145000,0.145000,0.145000,0.145000,0.145000,0.145000,0.145000
1259,0.145000,0.135000,0.135000,0.145000,0.145000,0.153000,0.145000,0.145000,0.153000,0.145000,0.145000,0.145000,0.114000,0.145000,0.145000,0.145000,0.145000,0.145000,0.145000,0.145000,0.145000,0.145000,0.145000
1260,0.145000,0.135000,0.135000,0.145000,0.145000,0.153000,0.145000,0.145000,0.153000,0.145000,0.145000,0.145000,0.114000,0.145000,0.145000,0.145000,0.145000,0.145000,0.145000,0.145000,0.145000,0.145000,0.145000
1261,0.145000,0.135000,0.135000,0.145000,0.145000,0.153000,0.145000,0.145000,0.153000,0.145000,0.135000,0.145000,0.114000,0.145000,0.145000,0.145000,0.145000,0.145000,0.145000,0.145000,0.145000,0.145000,0.145000
1262,0.145000,0.135000,0.135000,0.145000,0.145000,0.153000,0.145000,0.145000,0.153000,0.145000,0.135000,0.145000,0.114000,0.145000,0.145000,0.145000,0.145000,0.145000,0.145000,0.145000,0.145000,0.145000,0.145000
1263,0.145000,0.135000,0.135000,0.145000,0.145000,0.153000,0.145000,0.145000,0.153000,0.145000,0.135000,0.145000,0.114000,0.145000,0.145000,0.145000,0.145000,0.145000,0.145000,0.145000,0.145000,0.145000,0.145000
1264,0.145000,0.135000,0.135000,0.145000,0.145000,0.153000,0.145000,0.145000,0.153000,0.145000,0.135000,0.145000,0.114000,0.145000,0.145000,0.145000,0.145000,0.145000,0.145000,0.145000,0.145000,0.145000,0.145000
1265,0.145000,0.135000,0.135000,0.145000,0.145000,0.153000,0.145000,0.145000,0.153000,0.145000,0.135000,0.145000,0.114000,0.145000,0.145000,0.145000,0.145000,0.145000,0.145000,0.145000,0.145000,0.145000,0.145000
1266,0.145000,0.135000,0.135000,0.145000,0.145000,0.153000,0.145000,0.145000,0.153000,0.145000,0.135000,0.145000,0.114000,0.145000,0.145000,0.145000,0.145000,0.145000,0.145000,0.145000,0.145000,0.145000,0.145000
1267,0.145000,0.135000,0.135000,0.145000,0.145000,0.153000,0.145000,0.145000,0.153000,0.145000,0.135000,0.145000,0.114000,0.145000,0.145000,0.145000,0.145000,0.145000,0.145000,0.145000,0.145000,0.145000,0.145000
1268,0.145000,0.135000,0.135000,0.145000,0.145000,0.153000,0.145000,0.145000,0.153000,0.145000,0.135000,0.145000,0.114000,0.145000,0.145000,0.145000,0.145000,0.145000,0.145000,0.145000,0.145000,0.145000,0.145000
1269,0.145000,0.135000,0.135000,0.145000,0.145000,0.153000,0.145000,0.145000,0.153000,0.145000,0.135000,0.145000,0.114000,0.145000,0.145000,0.145000,0.145000,0.145000,0.145000,0.145000,0.145000,0.145000,0.145000
1270,0.145000,0.135000,0.135000,0.145000,0.145000,0.153000,0.145000,0.145000,0.153000,0.145000,0.135000,0.145000,0.114000,0.145000,0.145000,0.145000,0.145000,0.145000,0.145000,0.145000,0.145000,0.145000,0.145000
1271,0.145000,0.135000,0.135000,0.145000,0.145000,0.153000,0.145000,0.145000,0.153000,0.145000,0.135000,0.145000,0.114000,0.145000,0.145000,0.145000,0.145000,0.145000,0.145000,0.145000,0.145000,0.145000,0.145000
1272,0.145000,0.135000,0.135000,0.145000,0.145000,0.153000,0.145000,0.145000,0.153000,0.145000,0.135000,0.145000,0.114000,0.145000,0.145000,0.145000,0.145000,0.145000,0.145000,0.145000,0.145000,0.145000,0.145000
1273,0.145000,0.135000,0.135000,0.145000,0.145000,0.153000,0.145000,0.145000,0.153000,0.145000,0.135000,0.145000,0.114000,0.145000,0.145000,0.145000,0.145000,0.145000,0.145000,0.145000,0.145000,0.145000,0.145000
1274,0.145000,0.135000,0.135000,0.145000,0.145000,0.153000,0.145000,0.145000,0.153000,0.145000,0.135000,0.145000,0.114000,0.145000,0.145000,0.145000,0.145000,0.145000,0.145000,0.145000,0.145000,0.145000,0.145000
1275,0.145000,0.135000,0.135000,0.145000,0.145000,0.153000,0.145000,0.145000,0.153000,0.145000,0.135000,0.145000,0.114000,0.145000,0.145000,0.145000,0.145000,0.145000,0.145000,0.145000,0.145000,0.145000,0.145000
1276,0.145000,0.135000,0.135000,0.145000,0.145000,0.153000,0.145000,0.145000,0.153000,0.145000,0.135000,0.145000,0.114000,0.145000,0.145000,0.145000,0.145000,0.145000,0.145000,0.145000,0.145000,0.145000,0.145000
1277,0.145000,0.135000,0.135000,0.145000,0.145000,0.153000,0.145000,0.145000,0.153000,0.135000,0.135000,0.145000,0.114000,0.145000,0.145000,0.145000,0.145000,0.145000,0.145000,0.145000,0.145000,0.145000,0.145000
1278,0.145000,0.135000,0.135000,0.145000,0.145000,0.153000,0.145000,0.145000,0.153000,0.135000,0.135000,0.145000,0.114000,0.145000,0.145000,0.145000,0.145000,0.145000,0.145000,0.145000,0.145000,0.145000,0.145000
1279,0.145000,0.135000,0.135000,0.145000,0.145000,0.153000,0.145000,0.145000,0.153000,0.135000,0.135000,0.145000,0.114000,0.145000,0.145000,0.145000,0.145000,0.145000,0.145000,0.145000,0.145000,0.145000,0.145000
1280,0.145000,0.135000,0.135000,0.145000,0.145000,0.153000,0.145000,0.145000,0.153000,0.135000,0.135000,0.145000,0.114000,0.145000,0.145000,0.145000,0.145000,0.145000,0.145000,0.145000,0.145000,0.145000,0.145000
1281,0.145000,0.135000,0.135000,0.145000,0.145000,0.153000,0.145000,0.145000,0.153000,0.135000,0.135000,0.145000,0.114000,0.145000,0.145000,0.145000,0.145000,0.145000,0.145000,0.145000,0.145000,0.145000,0.145000
1282,0.145000,0.135000,0.135000,0.145000,0.145000,0.153000,0.145000,0.145000,0.153000,0.135000,0.135000,0.145000,0.114000,0.145000,0.145000,0.145000,0.145000,0.145000,0.145000,0.145000,0.145000,0.145000,0.145000
1283,0.145000,0.135000,0.135000,0.145000,0.145000,0.153000,0.145000,0.145000,0.153000,0.135000,0.135000,0.145000,0.114000,0.145000,0.145000,0.145000,0.145000,0.145000,0.145000,0.145000,0.145000,0.145000,0.145000
1284,0.145000,0.135000,0.135000,0.145000,0.145000,0.153000,0.145000,0.145000,0.153000,0.135000,0.135000,0.145000,0.114000,0.145000,0.145000,0.145000,0.145000,0.145000,0.145000,0.145000,0.145000,0.145000,0.145000
1285,0.145000,0.135000,0.135000,0.145000,0.145000,0.153000,0.145000,0.145000,0.153000,0.135000,0.135000,0.145000,0.114000,0.145000,0.145000,0.145000,0.145000,0.145000,0.145000,0.145000,0.145000,0.145000,0.145000
1286,0.145000,0.135000,0.135000,0.145000,0.145000,0.153000,0.145000,0.145000,0.153000,0.135000,0.135000,0.145000,0.114000,0.145000,0.145000,0.145000,0.145000,0.145000,0.145000,0.145000,0.145000,0.145000,0.145000
1287,0.145000,0.135000,0.135000,0.145000,0.145000,0.153000,0.145000,0.145000,0.153000,0.135000,0.135000,0.145000,0.114000,0.145000,0.145000,0.145000,0.145000,0.145000,0.145000,0.145000,0.145000,0.145000,0.145000
1288,0.145000,0.135000,0.135000,0.145000,0.145000,0.153000,0.145000,0.145000,0.153000,0.135000,0.135000,0.145000,0.114000,0.145000,0.145000,0.145000,0.145000,0.145000,0.145000,0.145000,0.145000,0.145000,0.145000
1289,0.145000,0.135000,0.135000,0.145000,0.145000,0.153000,0.145000,0.145000,0.153000,0.135000,0.135000,0.145000,0.114000,0.145000,0.145000,0.145000,0.145000,0.145000,0.145000,0.145000,0.145000,0.145000,0.145000
1290,0.145000,0.135000,0.135000,0.145000,0.145000,0.153000,0.145000,0.145000,0.153000,0.135000,0.135000,0.145000,0.114000,0.145000,0.145000,0.145000,0.145000,0.145000,0.145000,0.145000,0.145000,0.145000,0.145000
1291,0.145000,0.135000,0.135000,0.145000,0.145000,0.153000,0.145000,0.145000,0.153000,0.135000,0.135000,0.145000,0.114000,0.145000,0.145000,0.145000,0.145000,0.145000,0.145000,0.145000,0.145000,0.145000,0.145000
1292,0.145000,0.135000,0.135000,0.145000,0.145000,0.153000,0.145000,0.145000,0.153000,0.135000,0.135000,0.145000,0.114000,0.145000,0.145000,0.145000,0.145000,0.145000,0.145000,0.145000,0.145000,0.145000,0.145000
1293,0.145000,0.135000,0.135000,0.145000,0.145000,0.153000,0.145000,0.145000,0.153000,0.135000,0.135000,0.145000,0.114000,0.145000,0.145000,0.145000,0.145000,0.145000,0.145000,0.145000,0.145000,0.145000,0.145000
1294,0.145000,0.135000,0.135000,0.145000,0.145000,0.153000,0.145000,0.145000,0.153000,0.135000,0.135000,0.145000,0.114000,0.145000,0.145000,0.145000,0.145000,0.145000,0.145000,0.145000,0.145000,0.145000,0.145000
1295,0.145000,0.135000,0.135000,0.145000,0.145000,0.153000,0.145000,0.145000,0.153000,0.135000,0.135000,0.145000,0.114000,0.145000,0.145000,0.145000,0.145000,0.145000,0.145000,0.145000,0.145000,0.145000,0.145000
1296,0.145000,0.135000,0.135000,0.145000,0.145000,0.153000,0.145000,0.145000,0.153000,0.135000,0.135000,0.145000,0.114000,0.145000,0.145000,0.145000,0.145000,0.145000,0.145000,0.145000,0.145000,0.145000,0.145000
1297,0.145000,0.135000,0.135000,0.145000,0.145000,0.153000,0.145000,0.145000,0.153000,0.135000,0.135000,0.145000,0.114000,0.145000,0.145000,0.145000,0.145000,0.145000,0.145000,0.145000,0.145000,0.145000,0.145000
1298,0.145000,0.135000,0.135000,0.145000,0.145000,0.153000,0.145000,0.145000,0.153000,0.135000,0.135000,0.145000,0.114000,0.145000,0.145000,0.145000,0.145000,0.145000,0.145000,0.145000,0.145000,0.145000,0.145000
1299,0.145000,0.135000,0.135000,0.145000,0.145000,0.153000,0.145000,0.145000,0.153000,0.135000,0.135000,0.145000,0.114000,0.145000,0.145000,0.145000,0.145000,0.145000,0.145000,0.145000,0.145000,0.145000,0.145000
1300,0.145000,0.135000,0.135000,0.145000,0.145000,0.153000,0.145000,0.145000,0.153000,0.135000,0.135000,0.145000,0.114000,0.145000,0.145000,0.145000,0.145000,0.145000,0.145000,0.145000,0.145000,0.145000,0.145000
1301,0.145000,0.135000,0.135000,0.145000,0.145000,0.153000,0.145000,0.145000,0.153000,0.135000,0.135000,0.145000,0.114000,0.145000,0.145000,0.145000,0.145000,0.145000,0.145000,0.145000,0.145000,0.145000,0.145000
1302,0.145000,0.135000,0.135000,0.145000,0.145000,0.153000,0.145000,0.145000,0.153000,0.135000,0.135000,0.145000,0.114000,0.145000,0.145000,0.145000,0.145000,0.145000,0.145000,0.145000,0.145000,0.145000,0.145000
1303,0.145000,0.135000,0.135000,0.145000,0.145000,0.153000,0.145000,0.145000,0.153000,0.135000,0.135000,0.145000,0.114000,0.145000,0.145000,0.145000,0.145000,0.145000,0.145000,0.145000,0.145000,0.145000,0.145000
1304,0.145000,0.135000,0.135000,0.145000,0.145000,0.153000,0.145000,0.145000,0.153000,0.135000,0.135000,0.145000,0.114000,0.145000,0.145000,0.145000,0.145000,0.145000,0.145000,0.145000,0.145000,0.145000,0.145000
1305,0.145000,0.135000,0.135000,0.145000,0.145000,0.153000,0.145000,0.145000,0.153000,0.135000,0.135000,0.145000,0.114000,0.145000,0.145000,0.145000,0.145000,0.145000,0.145000,0.145000,0.145000,0.145000,0.145000
1306,0.145000,0.135000,0.135000,0.145000,0.145000,0.153000,0.145000,0.145000,0.153000,0.135000,0.135000,0.145000,0.114000,0.145000,0.145000,0.145000,0.145000,0.145000,0.145000,0.145000,0.145000,0.145000,0.145000
1307,0.145000,0.135000,0.135000,0.145000,0.145000,0.153000,0.145000,0.145000,0.153000,0.135000,0.135000,0.145000,0.114000,0.145000,0.145000,0.145000,0.145000,0.145000,0.145000,0.145000,0.145000,0.145000,0.145000
1308,0.145000,0.135000,0.135000,0.145000,0.145000,0.153000,0.145000,0.145000,0.153000,0.135000,0.135000,0.145000,0.114000,0.145000,0.145000,0.145000,0.145000,0.145000,0.145000,0.145000,0.145000,0.145000,0.145000
1309,0.145000,0.135000,0.135000,0.145000,0.145000,0.153000,0.145000,0.145000,0.153000,0.135000,0.135000,0.145000,0.114000,0.145000,0.145000,0.145000,0.145000,0.145000,0.145000,0.145000,0.145000,0.145000,0.145000
1310,0.145000,0.135000,0.135000,0.145000,0.145000,0.153000,0.145000,0.145000,0.153000,0.135000,0.135000,0.145000,0.114000,0.145000,0.145000,0.145000,0.145000,0.145000,0.145000,0.145000,0.145000,0.145000,0.145000
1311,0.145000,0.135000,0.135000,0.145000,0.145000,0.153000,0.145000,0.145000,0.153000,0.135000,0.135000,0.145000,0.114000,0.145000,0.145000,0.145000,0.145000,0.145000,0.145000,0.145000,0.145000,0.145000,0.145000
1312,0.145000,0.135000,0.135000,0.145000,0.145000,0.153000,0.145000,0.145000,0.153000,0.135000,0.135000,0.145000,0.114000,0.145000,0.145000,0.145000,0.145000,0.145000,0.145000,0.145000,0.145000,0.145000,0.145000
1313,0.145000,0.135000,0.135000,0.145000,0.145000,0.153000,0.145000,0.145000,0.153000,0.135000,0.135000,0.145000,0.114000,0.145000,0.145000,0.145000,0.145000,0.145000,0.145000,0.145000,0.145000,0.145000,0.145000
1314,0.145000,0.135000,0.135000,0.145000,0.145000,0.153000,0.145000,0.145000,0.153000,0.135000,0.135000,0.145000,0.114000,0.145000,0.145000,0.145000,0.145000,0.145000,0.145000,0.145000,0.145000,0.145000,0.145000
1315,0.145000,0.135000,0.135000,0.145000,0.145000,0.153000,0.145000,0.145000,0.153000,0.135000,0.135000,0.145000,0.114000,0.145000,0.145000,0.145000,0.145000,0.145000,0.145000,0.145000,0.145000,0.145000,0.145000
1316,0.145000,0.135000,0.135000,0.145000,0.145000,0.153000,0.145000,0.145000,0.153000,0.135000,0.135000,0.145000,0.114000,0.145000,0.145000,0.145000,0.145000,0.145000,0.145000,0.145000,0.145000,0.145000,0.145000
1317,0.145000,0.135000,0.135000,0.145000,0.145000,0.153000,0.145000,0.145000,0.153000,0.135000,0.135000,0.145000,0.114000,0.145000,0.145000,0.145000,0.145000,0.145000,0.145000,0.145000,0.145000,0.145000,0.145000
1318,0.145000,0.135000,0.135000,0.145000,0.145000,0.153000,0.145000,0.145000,0.153000,0.135000,0.135000,0.145000,0.114000,0.145000,0.145000,0.145000,0.145000,0.145000,0.145000,0.145000,0.145000,0.145000,0.145000
1319,0.145000,0.135000,0.135000,0.145000,0.145000,0.153000,0.145000,0.145000,0.153000,0.135000,0.135000,0.145000,0.114000,0.145000,0.145000,0.145000,0.145000,0.145000,0.145000,0.145000,0.145000,0.145000,0.145000
1320,0.145000,0.135000,0.135000,0.145000,0.145000,0.153000,0.145000,0.145000,0.153000,0.135000,0.135000,0.145000,0.114000,0.145000,0.145000,0.145000,0.145000,0.145000,0.145000,0.145000,0.145000,0.145000,0.145000
1321,0.145000,0.135000,0.135000,0.145000,0.145000,0.153000,0.145000,0.145000,0.153000,0.135000,0.135000,0.145000,0.114000,0.145000,0.145000,0.145000,0.145000,0.145000,0.145000,0.145000,0.145000,0.145000,0.145000
1322,0.145000,0.135000,0.135000,0.145000,0.145000,0.153000,0.145000,0.145000,0.153000,0.135000,0.135000,0.145000,0.114000,0.145000,0.145000,0.145000,0.145000,0.145000,0.145000,0.145000,0.145000,0.145000,0.145000
1323,0.145000,0.135000,0.135000,0.145000,0.145000,0.153000,0.145000,0.145000,0.153000,0.135000,0.135000,0.145000,0.114000,0.145000,0.145000,0.145000,0.145000,0.145000,0.145000,0.145000,0.145000,0.145000,0.145000
1324,0.145000,0.135000,0.135000,0.145000,0.145000,0.153000,0.145000,0.145000,0.153000,0.135000,0.135000,0.145000,0.114000,0.145000,0.145000,0.145000,0.145000,0.145000,0.145000,0.145000,0.145000,0.145000,0.145000
1325,0.145000,0.135000,0.135000,0.145000,0.145000,0.153000,0.145000,0.145000,0.153000,0.135000,0.135000,0.145000,0.114000,0.145000,0.145000,0.145000,0.145000,0.145000,0.145000,0.145000,0.145000,0.145000,0.145000
1326,0.145000,0.135000,0.135000,0.145000,0.145000,0.153000,0.145000,0.145000,0.153000,0.135000,0.135000,0.145000,0.114000,0.145000,0.145000,0.145000,0.145000,0.145000,0.145000,0.145000,0.145000,0.145000,0.145000
1327,0.145000,0.135000,0.135000,0.145000,0.145000,0.153000,0.145000,0.145000,0.153000,0.135000,0.135000,0.145000,0.114000,0.145000,0.145000,0.145000,0.145000,0.145000,0.145000,0.145000,0.145000,0.145000,0.145000
1328,0.145000,0.135000,0.135000,0.145000,0.145000,0.153000,0.145000,0.145000,0.153000,0.135000,0.135000,0.145000,0.114000,0.145000,0.145000,0.145000,0.145000,0.145000,0.145000,0.145000,0.145000,0.145000,0.145000
1329,0.145000,0.135000,0.135000,0.145000,0.145000,0.153000,0.145000,0.145000,0.153000,0.135000,0.135000,0.145000,0.114000,0.145000,0.145000,0.145000,0.145000,0.145000,0.145000,0.145000,0.145000,0.145000,0.145000
1330,0.145000,0.135000,0.135000,0.145000,0.145000,0.153000,0.145000,0.145000,0.153000,0.135000,0.135000,0.145000,0.114000,0.145000,0.145000,0.145000,0.145000,0.145000,0.145000,0.145000,0.145000,0.145000,0.145000
1331,0.145000,0.135000,0.135000,0.145000,0.145000,0.153000,0.145000,0.145000,0.153000,0.135000,0.135000,0.145000,0.114000,0.145000,0.145000,0.145000,0.145000,0.145000,0.145000,0.145000,0.145000,0.145000,0.145000
1332,0.145000,0.135000,0.135000,0.145000,0.145000,0.153000,0.145000,0.145000,0.153000,0.135000,0.135000,0.145000,0.114000,0.145000,0.145000,0.145000,0.145000,0.145000,0.145000,0.145000,0.145000,0.145000,0.145000
1333,0.145000,0.135000,0.135000,0.145000,0.145000,0.153000,0.145000,0.145000,0.153000,0.135000,0.135000,0.145000,0.114000,0.145000,0.145000,0.145000,0.145000,0.145000,0.145000,0.145000,0.145000,0.145000,0.145000
1334,0.145000,0.135000,0.135000,0.145000,0.145000,0.153000,0.145000,0.145000,0.153000,0.135000,0.135000,0.145000,0.114000,0.145000,0.145000,0.145000,0.145000,0.145000,0.145000,0.145000,0.145000,0.145000,0.145000
1335,0.145000,0.135000,0.135000,0.145000,0.145000,0.153000,0.145000,0.145000,0.153000,0.135000,0.135000,0.145000,0.114000,0.145000,0.145000,0.145000,0.145000,0.145000,0.145000,0.145000,0.145000,0.145000,0.145000
1336,0.145000,0.135000,0.135000,0.145000,0.145000,0.153000,0.145000,0.145000,0.153000,0.135000,0.135000,0.145000,0.114000,0.145000,0.145000,0.145000,0.145000,0.145000,0.145000,0.145000,0.145000,0.145000,0.145000
1337,0.145000,0.135000,0.135000,0.145000,0.145000,0.153000,0.145000,0.145000,0.153000,0.135000,0.135000,0.145000,0.114000,0.145000,0.145000,0.145000,0.145000,0.145000,0.145000,0.145000,0.145000,0.145000,0.145000
1338,0.145000,0.135000,0.135000,0.145000,0.145000,0.153000,0.145000,0.145000,0.153000,0.135000,0.135000,0.145000,0.114000,0.145000,0.145000,0.145000,0.145000,0.145000,0.145000,0.145000,0.145000,0.145000,0.145000
1339,0.145000,0.135000,0.135000,0.145000,0.145000,0.153000,0.145000,0.145000,0.153000,0.135000,0.135000,0.145000,0.114000,0.145000,0.145000,0.145000,0.145000,0.145000,0.145000,0.145000,0.145000,0.145000,0.145000
1340,0.145000,0.135000,0.135000,0.145000,0.145000,0.153000,0.145000,0.145000,0.153000,0.135000,0.135000,0.145000,0.114000,0.145000,0.145000,0.145000,0.145000,0.145000,0.145000,0.145000,0.145000,0.145000,0.145000
1341,0.145000,0.135000,0.135000,0.145000,0.145000,0.153000,0.145000,0.145000,0.153000,0.135000,0.135000,0.145000,0.114000,0.145000,0.145000,0.145000,0.145000,0.145000,0.145000,0.145000,0.145000,0.145000,0.145000
1342,0.145000,0.135000,0.135000,0.145000,0.145000,0.153000,0.145000,0.145000,0.153000,0.135000,0.135000,0.145000,0.114000,0.145000,0.145000,0.145000,0.145000,0.145000,0.145000,0.145000,0.145000,0.145000,0.145000
1343,0.145000,0.135000,0.135000,0.145000,0.145000,0.153000,0.145000,0.145000,0.153000,0.135000,0.135000,0.145000,0.114000,0.145000,0.145000,0.145000,0.145000,0.145000,0.145000,0.145000,0.145000,0.145000,0.145000
1344,0.145000,0.135000,0.135000,0.145000,0.145000,0.153000,0.145000,0.145000,0.153000,0.135000,0.135000,0.145000,0.114000,0.145000,0.145000,0.145000,0.145000,0.145000,0.145000,0.145000,0.145000,0.145000,0.145000
1345,0.145000,0.135000,0.135000,0.145000,0.145000,0.153000,0.145000,0.145000,0.153000,0.135000,0.135000,0.145000,0.114000,0.145000,0.145000,0.145000,0.145000,0.145000,0.145000,0.145000,0.145000,0.145000,0.145000
1346,0.145000,0.135000,0.135000,0.145000,0.145000,0.153000,0.145000,0.145000,0.153000,0.135000,0.135000,0.145000,0.114000,0.145000,0.145000,0.145000,0.145000,0.145000,0.145000,0.145000,0.145000,0.145000,0.145000
1347,0.145000,0.135000,0.135000,0.145000,0.145000,0.153000,0.145000,0.145000,0.153000,0.135000,0.135000,0.145000,0.114000,0.145000,0.145000,0.145000,0.145000,0.145000,0.145000,0.145000,0.145000,0.145000,0.145000
1348,0.145000,0.135000,0.135000,0.145000,0.145000,0.153000,0.145000,0.145000,0.153000,0.135000,0.135000,0.145000,0.114000,0.145000,0.145000,0.145000,0.145000,0.145000,0.145000,0.145000,0.145000,0.145000,0.145000
1349,0.145000,0.135000,0.135000,0.145000,0.145000,0.153000,0.145000,0.145000,0.153000,0.135000,0.135000,0.145000,0.114000,0.145000,0.145000,0.145000,0.145000,0.145000,0.145000,0.145000,0.145000,0.145000,0.145000
1350,0.145000,0.135000,0.135000,0.145000,0.145000,0.153000,0.145000,0.145000,0.153000,0.135000,0.135000,0.145000,0.114000,0.145000,0.145000,0.145000,0.145000,0.145000,0.145000,0.145000,0.145000,0.145000,0.145000
1351,0.145000,0.135000,0.135000,0.145000,0.145000,0.153000,0.145000,0.145000,0.153000,0.135000,0.135000,0.145000,0.114000,0.145000,0.145000,0.145000,0.145000,0.145000,0.145000,0.145000,0.145000,0.145000,0.145000
1352,0.145000,0.135000,0.135000,0.145000,0.145000,0.153000,0.145000,0.145000,0.153000,0.135000,0.135000,0.145000,0.114000,0.145000,0.145000,0.145000,0.145000,0.145000,0.145000,0.145000,0.145000,0.145000,0.145000
1353,0.145000,0.135000,0.135000,0.145000,0.145000,0.153000,0.145000,0.145000,0.153000,0.135000,0.135000,0.145000,0.114000,0.145000,0.145000,0.145000,0.145000,0.145000,0.145000,0.145000,0.145000,0.145000,0.145000
1354,0.145000,0.135000,0.135000,0.145000,0.145000,0.153000,0.145000,0.145000,0.153000,0.135000,0.135000,0.145000,0.114000,0.145000,0.145000,0.145000,0.145000,0.145000,0.145000,0.145000,0.145000,0.145000,0.145000
1355,0.145000,0.135000,0.135000,0.145000,0.145000,0.153000,0.145000,0.145000,0.153000,0.135000,0.135000,0.145000,0.114000,0.145000,0.145000,0.145000,0.145000,0.145000,0.145000,0.145000,0.145000,0.145000,0.145000
1356,0.145000,0.135000,0.135000,0.145000,0.145000,0.153000,0.145000,0.145000,0.153000,0.135000,0.135000,0.145000,0.114000,0.145000,0.145000,0.145000,0.145000,0.145000,0.145000,0.145000,0.145000,0.145000,0.145000
1357,0.145000,0.135000,0.135000,0.145000,0.145000,0.153000,0.145000,0.145000,0.153000,0.135000,0.135000,0.145000,0.114000,0.145000,0.145000,0.145000,0.145000,0.145000,0.145000,0.145000,0.145000,0.145000,0.145000
1358,0.145000,0.135000,0.135000,0.145000,0.145000,0.153000,0.145000,0.145000,0.153000,0.135000,0.135000,0.145000,0.114000,0.145000,0.145000,0.145000,0.145000,0.145000,0.145000,0.145000,0.145000,0.145000,0.145000
1359,0.145000,0.135000,0.135000,0.145000,0.145000,0.153000,0.145000,0.145000,0.153000,0.135000,0.135000,0.145000,0.114000,0.145000,0.145000,0.145000,0.145000,0.145000,0.145000,0.145000,0.145000,0.145000,0.145000
1360,0.145000,0.135000,0.135000,0.145000,0.145000,0.153000,0.145000,0.145000,0.153000,0.135000,0.135000,0.145000,0.114000,0.145000,0.145000,0.145000,0.145000,0.145000,0.145000,0.145000,0.145000,0.145000,0.145000
1361,0.145000,0.135000,0.135000,0.145000,0.145000,0.153000,0.145000,0.145000,0.153000,0.135000,0.135000,0.145000,0.114000,0.145000,0.145000,0.145000,0.145000,0.145000,0.145000,0.145000,0.145000,0.145000,0.145000
1362,0.145000,0.135000,0.135000,0.145000,0.145000,0.153000,0.145000,0.145000,0.153000,0.135000,0.135000,0.145000,0.114000,0.145000,0.145000,0.145000,0.145000,0.145000,0.145000,0.145000,0.145000,0.145000,0.145000
1363,0.145000,0.135000,0.135000,0.145000,0.145000,0.153000,0.145000,0.145000,0.153000,0.135000,0.135000,0.145000,0.114000,0.145000,0.145000,0.145000,0.145000,0.145000,0.145000,0.145000,0.145000,0.145000,0.145000
1364,0.145000,0.135000,0.135000,0.145000,0.145000,0.153000,0.145000,0.145000,0.153000,0.135000,0.135000,0.145000,0.114000,0.145000,0.145000,0.145000,0.145000,0.145000,0.145000,0.145000,0.145000,0.145000,0.145000
1365,0.145000,0.135000,0.135000,0.145000,0.145000,0.153000,0.145000,0.145000,0.153000,0.135000,0.135000,0.145000,0.114000,0.145000,0.145000,0.145000,0.145000,0.145000,0.145000,0.145000,0.145000,0.145000,0.145000
1366,0.145000,0.135000,0.135000,0.145000,0.145000,0.153000,0.145000,0.145000,0.153000,0.135000,0.135000,0.145000,0.114000,0.145000,0.145000,0.145000,0.145000,0.145000,0.145000,0.145000,0.145000,0.145000,0.145000
1367,0.145000,0.135000,0.135000,0.145000,0.145000,0.153000,0.145000,0.145000,0.153000,0.135000,0.135000,0.145000,0.114000,0.145000,0.145000,0.145000,0.145000,0.145000,0.145000,0.145000,0.145000,0.145000,0.145000
1368,0.145000,0.135000,0.135000,0.145000,0.145000,0.153000,0.145000,0.145000,0.153000,0.135000,0.135000,0.145000,0.114000,0.145000,0.145000,0.145000,0.145000,0.145000,0.145000,0.145000,0.145000,0.145000,0.145000
1369,0.145000,0.135000,0.135000,0.145000,0.145000,0.153000,0.145000,0.145000,0.153000,0.135000,0.135000,0.145000,0.114000,0.145000,0.145000,0.145000,0.145000,0.145000,0.145000,0.145000,0.145000,0.145000,0.145000
1370,0.145000,0.135000,0.135000,0.145000,0.145000,0.153000,0.145000,0.145000,0.153000,0.135000,0.135000,0.145000,0.114000,0.145000,0.145000,0.145000,0.145000,0.145000,0.145000,0.145000,0.145000,0.145000,0.145000
1371,0.145000,0.135000,0.135000,0.145000,0.145000,0.153000,0.145000,0.145000,0.153000,0.135000,0.135000,0.145000,0.114000,0.145000,0.145000,0.145000,0.145000,0.145000,0.145000,0.145000,0.145000,0.145000,0.145000
1372,0.145000,0.135000,0.135000,0.145000,0.145000,0.153000,0.145000,0.145000,0.153000,0.135000,0.135000,0.145000,0.114000,0.145000,0.145000,0.145000,0.145000,0.145000,0.145000,0.145000,0.145000,0.145000,0.145000
1373,0.145000,0.135000,0.135000,0.145000,0.145000,0.153000,0.145000,0.145000,0.153000,0.135000,0.135000,0.145000,0.114000,0.145000,0.145000,0.145000,0.145000,0.145000,0.145000,0.145000,0.145000,0.145000,0.145000
1374,0.145000,0.135000,0.135000,0.145000,0.145000,0.153000,0.145000,0.145000,0.153000,0.135000,0.135000,0.145000,0.114000,0.145000,0.145000,0.145000,0.145000,0.145000,0.145000,0.145000,0.145000,0.145000,0.145000
1375,0.145000,0.135000,0.135000,0.145000,0.145000,0.153000,0.145000,0.145000,0.153000,0.135000,0.135000,0.145000,0.114000,0.145000,0.145000,0.145000,0.145000,0.145000,0.145000,0.145000,0.145000,0.145000,0.145000
1376,0.145000,0.135000,0.135000,0.145000,0.145000,0.153000,0.145000,0.145000,0.153000,0.135000,0.135000,0.145000,0.114000,0.145000,0.145000,0.145000,0.145000,0.145000,0.145000,0.145000,0.145000,0.145000,0.145000
1377,0.145000,0.135000,0.135000,0.145000,0.145000,0.153000,0.145000,0.145000,0.153000,0.135000,0.135000,0.145000,0.114000,0.145000,0.145000,0.145000,0.145000,0.145000,0.145000,0.145000,0.145000,0.145000,0.145000
1378,0.145000,0.135000,0.135000,0.145000,0.145000,0.153000,0.145000,0.145000,0.153000,0.135000,0.135000,0.145000,0.114000,0.145000,0.145000,0.145000,0.145000,0.145000,0.145000,0.145000,0.145000,0.145000,0.145000
1379,0.145000,0.135000,0.135000,0.145000,0.145000,0.153000,0.145000,0.145000,0.153000,0.135000,0.135000,0.145000,0.114000,0.145000,0.145000,0.145000,0.145000,0.145000,0.145000,0.145000,0.145000,0.145000,0.145000
1380,0.145000,0.135000,0.135000,0.145000,0.145000,0.153000,0.145000,0.145000,0.153000,0.135000,0.135000,0.145000,0.114000,0.145000,0.145000,0.145000,0.145000,0.145000,0.145000,0.145000,0.145000,0.145000,0.145000
1381,0.145000,0.135000,0.135000,0.145000,0.145000,0.153000,0.145000,0.145000,0.153000,0.135000,0.135000,0.145000,0.114000,0.145000,0.145000,0.145000,0.145000,0.145000,0.145000,0.145000,0.145000,0.145000,0.145000
1382,0.145000,0.135000,0.135000,0.145000,0.145000,0.153000,0.145000,0.145000,0.153000,0.135000,0.135000,0.145000,0.114000,0.145000,0.145000,0.145000,0.145000,0.145000,0.145000,0.145000,0.145000,0.145000,0.145000
1383,0.145000,0.135000,0.135000,0.145000,0.145000,0.153000,0.145000,0.145000,0.153000,0.135000,0.135000,0.145000,0.114000,0.145000,0.145000,0.145000,0.145000,0.145000,0.145000,0.145000,0.145000,0.145000,0.145000
1384,0.145000,0.135000,0.135000,0.145000,0.145000,0.153000,0.145000,0.145000,0.153000,0.135000,0.135000,0.145000,0.114000,0.145000,0.145000,0.145000,0.145000,0.145000,0.145000,0.145000,0.145000,0.145000,0.145000
1385,0.145000,0.135000,0.135000,0.145000,0.145000,0.153000,0.145000,0.145000,0.153000,0.135000,0.135000,0.145000,0.114000,0.145000,0.145000,0.145000,0.145000,0.145000,0.145000,0.145000,0.145000,0.145000,0.145000
1386,0.145000,0.135000,0.135000,0.145000,0.145000,0.153000,0.145000,0.145000,0.153000,0.135000,0.135000,0.145000,0.114000,0.145000,0.145000,0.145000,0.145000,0.145000,0.145000,0.145000,0.145000,0.145000,0.145000
1387,0.145000,0.135000,0.135000,0.145000,0.145000,0.153000,0.145000,0.145000,0.153000,0.135000,0.135000,0.145000,0.114000,0.145000,0.145000,0.145000,0.145000,0.145000,0.145000,0.145000,0.145000,0.145000,0.145000
1388,0.145000,0.135000,0.135000,0.145000,0.145000,0.153000,0.145000,0.145000,0.153000,0.135000,0.135000,0.145000,0.114000,0.145000,0.145000,0.145000,0.145000,0.145000,0.145000,0.145000,0.145000,0.145000,0.145000
1389,0.145000,0.135000,0.135000,0.145000,0.145000,0.153000,0.145000,0.145000,0.153000,0.135000,0.135000,0.145000,0.114000,0.145000,0.145000,0.145000,0.145000,0.145000,0.145000,0.145000,0.145000,0.145000,0.145000
1390,0.145000,0.135000,0.135000,0.145000,0.145000,0.153000,0.145000,0.145000,0.153000,0.135000,0.135000,0.145000,0.114000,0.145000,0.145000,0.145000,0.145000,0.145000,0.145000,0.145000,0.145000,0.145000,0.145000
1391,0.145000,0.135000,0.135000,0.145000,0.145000,0.153000,0.145000,0.145000,0.153000,0.135000,0.135000,0.145000,0.114000,0.145000,0.145000,0.145000,0.145000,0.145000,0.145000,0.145000,0.145000,0.145000,0.145000
1392,0.145000,0.135000,0.135000,0.145000,0.145000,0.153000,0.145000,0.145000,0.153000,0.135000,0.135000,0.145000,0.114000,0.145000,0.145000,0.145000,0.145000,0.145000,0.145000,0.145000,0.145000,0.145000,0.145000
1393,0.145000,0.135000,0.135000,0.145000,0.145000,0.153000,0.145000,0.145000,0.153000,0.135000,0.135000,0.145000,0.114000,0.145000,0.145000,0.145000,0.145000,0.145000,0.145000,0.145000,0.145000,0.145000,0.145000
1394,0.145000,0.135000,0.135000,0.145000,0.145000,0.153000,0.145000,0.145000,0.153000,0.135000,0.135000,0.145000,0.114000,0.145000,0.145000,0.145000,0.145000,0.145000,0.145000,0.145000,0.145000,0.145000,0.145000
1395,0.145000,0.135000,0.135000,0.145000,0.145000,0.153000,0.145000,0.145000,0.153000,0.135000,0.135000,0.145000,0.114000,0.145000,0.145000,0.145000,0.145000,0.145000,0.145000,0.145000,0.145000,0.145000,0.145000
1396,0.145000,0.135000,0.135000,0.145000,0.145000,0.153000,0.145000,0.145000,0.153000,0.135000,0.135000,0.145000,0.114000,0.145000,0.145000,0.145000,0.145000,0.145000,0.145000,0.145000,0.145000,0.145000,0.145000
1397,0.145000,0.135000,0.135000,0.145000,0.145000,0.153000,0.145000,0.145000,0.153000,0.135000,0.135000,0.145000,0.114000,0.145000,0.145000,0.145000,0.145000,0.145000,0.145000,0.145000,0.145000,0.145000,0.145000
1398,0.145000,0.135000,0.135000,0.145000,0.145000,0.153000,0.145000,0.145000,0.153000,0.135000,0.135000,0.145000,0.114000,0.145000,0.145000,0.145000,0.145000,0.145000,0.145000,0.145000,0.145000,0.145000,0.145000
1399,0.145000,0.135000,0.135000,0.145000,0.145000,0.153000,0.145000,0.145000,0.153000,0.135000,0.135000,0.145000,0.114000,0.145000,0.145000,0.145000,0.145000,0.145000,0.145000,0.145000,0.145000,0.145000,0.145000
1400,0.145000,0.135000,0.135000,0.145000,0.145000,0.153000,0.145000,0.145000,0.153000,0.135000,0.135000,0.145000,0.114000,0.145000,0.145000,0.145000,0.145000,0.145000,0.145000,0.145000,0.145000,0.145000,0.145000
1401,0.145000,0.135000,0.135000,0.145000,0.145000,0.153000,0.145000,0.145000,0.153000,0.135000,0.135000,0.145000,0.114000,0.145000,0.145000,0.145000,0.145000,0.145000,0.145000,0.145000,0.145000,0.145000,0.145000
1402,0.145000,0.135000,0.135000,0.145000,0.145000,0.153000,0.145000,0.145000,0.153000,0.135000,0.135000,0.145000,0.114000,0.145000,0.145000,0.145000,0.145000,0.145000,0.145000,0.145000,0.145000,0.145000,0.145000
1403,0.145000,0.135000,0.135000,0.145000,0.145000,0.153000,0.145000,0.145000,0.153000,0.135000,0.135000,0.145000,0.114000,0.145000,0.145000,0.145000,0.145000,0.145000,0.145000,0.145000,0.145000,0.145000,0.145000
1404,0.145000,0.135000,0.135000,0.145000,0.145000,0.153000,0.145000,0.145000,0.153000,0.135000,0.135000,0.145000,0.114000,0.145000,0.145000,0.145000,0.145000,0.145000,0.145000,0.145000,0.145000,0.145000,0.145000
1405,0.145000,0.135000,0.135000,0.145000,0.145000,0.153000,0.145000,0.145000,0.153000,0.135000,0.135000,0.145000,0.114000,0.145000,0.145000,0.145000,0.145000,0.145000,0.145000,0.145000,0.145000,0.145000,0.145000
1406,0.145000,0.135000,0.135000,0.145000,0.145000,0.153000,0.145000,0.145000,0.153000,0.135000,0.135000,0.145000,0.114000,0.145000,0.145000,0.145000,0.145000,0.145000,0.145000,0.145000,0.145000,0.145000,0.145000
1407,0.145000,0.135000,0.135000,0.145000,0.145000,0.153000,0.145000,0.145000,0.153000,0.135000,0.135000,0.145000,0.114000,0.145000,0.145000,0.145000,0.145000,0.145000,0.145000,0.145000,0.145000,0.145000,0.145000
1408,0.145000,0.135000,0.135000,0.145000,0.145000,0.153000,0.145000,0.145000,0.153000,0.135000,0.135000,0.145000,0.114000,0.145000,0.145000,0.145000,0.145000,0.145000,0.145000,0.145000,0.145000,0.145000,0.145000
1409,0.145000,0.135000,0.135000,0.145000,0.145000,0.153000,0.145000,0.145000,0.153000,0.135000,0.135000,0.145000,0.114000,0.145000,0.145000,0.145000,0.145000,0.145000,0.145000,0.145000,0.145000,0.145000,0.145000
1410,0.145000,0.135000,0.135000,0.145000,0.145000,0.153000,0.145000,0.145000,0.153000,0.135000,0.135000,0.145000,0.114000,0.145000,0.145000,0.145000,0.145000,0.145000,0.145000,0.145000,0.145000,0.145000,0.145000
1411,0.145000,0.135000,0.135000,0.145000,0.145000,0.153000,0.145000,0.145000,0.153000,0.135000,0.135000,0.145000,0.114000,0.145000,0.145000,0.145000,0.145000,0.145000,0.145000,0.145000,0.145000,0.145000,0.145000
1412,0.145000,0.135000,0.135000,0.145000,0.145000,0.153000,0.145000,0.145000,0.153000,0.135000,0.135000,0.145000,0.114000,0.145000,0.145000,0.145000,0.145000,0.145000,0.145000,0.145000,0.145000,0.145000,0.145000
1413,0.145000,0.135000,0.135000,0.145000,0.145000,0.153000,0.145000,0.145000,0.153000,0.135000,0.135000,0.145000,0.114000,0.145000,0.145000,0.145000,0.145000,0.145000,0.145000,0.145000,0.145000,0.145000,0.145000
1414,0.145000,0.135000,0.135000,0.145000,0.145000,0.153000,0.145000,0.145000,0.153000,0.135000,0.135000,0.145000,0.114000,0.145000,0.145000,0.145000,0.145000,0.145000,0.145000,0.145000,0.145000,0.145000,0.145000
1415,0.145000,0.135000,0.135000,0.145000,0.145000,0.153000,0.145000,0.145000,0.153000,0.135000,0.135000,0.145000,0.114000,0.145000,0.145000,0.145000,0.145000,0.145000,0.145000,0.145000,0.145000,0.145000,0.145000
1416,0.145000,0.135000,0.135000,0.145000,0.145000,0.153000,0.145000,0.145000,0.153000,0.135000,0.135000,0.145000,0.114000,0.145000,0.145000,0.145000,0.145000,0.145000,0.145000,0.145000,0.145000,0.145000,0.145000
1417,0.145000,0.135000,0.135000,0.145000,0.145000,0.153000,0.145000,0.145000,0.153000,0.135000,0.135000,0.145000,0.114000,0.145000,0.145000,0.145000,0.145000,0.145000,0.145000,0.145000,0.145000,0.145000,0.145000
1418,0.145000,0.135000,0.135000,0.145000,0.145000,0.153000,0.145000,0.145000,0.153000,0.135000,0.135000,0.145000,0.114000,0.145000,0.145000,0.145000,0.145000,0.145000,0.145000,0.145000,0.145000,0.145000,0.145000
1419,0.145000,0.135000,0.135000,0.145000,0.145000,0.153000,0.145000,0.145000,0.153000,0.135000,0.135000,0.145000,0.114000,0.145000,0.145000,0.145000,0.145000,0.145000,0.145000,0.145000,0.145000,0.145000,0.145000
1420,0.145000,0.135000,0.135000,0.145000,0.145000,0.153000,0.145000,0.145000,0.153000,0.135000,0.135000,0.145000,0.114000,0.145000,0.145000,0.145000,0.145000,0.145000,0.145000,0.145000,0.145000,0.145000,0.145000
1421,0.145000,0.135000,0.135000,0.145000,0.145000,0.153000,0.145000,0.145000,0.153000,0.135000,0.135000,0.145000,0.114000,0.145000,0.145000,0.145000,0.145000,0.145000,0.145000,0.145000,0.145000,0.145000,0.145000
1422,0.145000,0.135000,0.135000,0.145000,0.145000,0.153000,0.145000,0.145000,0.153000,0.135000,0.135000,0.145000,0.114000,0.145000,0.145000,0.145000,0.145000,0.145000,0.145000,0.145000,0.145000,0.145000,0.145000
1423,0.145000,0.135000,0.135000,0.145000,0.145000,0.153000,0.145000,0.145000,0.153000,0.135000,0.135000,0.145000,0.114000,0.145000,0.145000,0.145000,0.145000,0.145000,0.145000,0.145000,0.145000,0.145000,0.145000
1424,0.145000,0.135000,0.135000,0.145000,0.145000,0.153000,0.145000,0.145000,0.153000,0.135000,0.135000,0.145000,0.114000,0.145000,0.145000,0.145000,0.145000,0.145000,0.145000,0.145000,0.145000,0.145000,0.145000
1425,0.145000,0.135000,0.135000,0.145000,0.145000,0.153000,0.145000,0.145000,0.153000,0.135000,0.135000,0.145000,0.114000,0.145000,0.145000,0.145000,0.145000,0.145000,0.145000,0.145000,0.145000,0.145000,0.145000
1426,0.145000,0.135000,0.135000,0.145000,0.145000,0.153000,0.145000,0.145000,0.153000,0.135000,0.135000,0.145000,0.114000,0.145000,0.145000,0.145000,0.145000,0.145000,0.145000,0.145000,0.145000,0.145000,0.145000
1427,0.145000,0.135000,0.135000,0.145000,0.145000,0.153000,0.145000,0.145000,0.153000,0.135000,0.135000,0.145000,0.114000,0.145000,0.145000,0.145000,0.145000,0.145000,0.145000,0.145000,0.145000,0.145000,0.145000
1428,0.145000,0.135000,0.135000,0.145000,0.145000,0.153000,0.145000,0.145000,0.153000,0.135000,0.135000,0.145000,0.114000,0.145000,0.145000,0.145000,0.145000,0.145000,0.145000,0.145000,0.145000,0.145000,0.145000
1429,0.145000,0.135000,0.135000,0.145000,0.145000,0.153000,0.145000,0.145000,0.153000,0.135000,0.135000,0.145000,0.114000,0.145000,0.145000,0.145000,0.145000,0.145000,0.145000,0.145000,0.145000,0.145000,0.145000
1430,0.145000,0.135000,0.135000,0.145000,0.145000,0.153000,0.145000,0.145000,0.153000,0.135000,0.135000,0.145000,0.114000,0.145000,0.145000,0.145000,0.145000,0.145000,0.145000,0.145000,0.145000,0.145000,0.145000
1431,0.145000,0.135000,0.135000,0.145000,0.145000,0.153000,0.145000,0.145000,0.153000,0.135000,0.135000,0.145000,0.114000,0.145000,0.145000,0.145000,0.145000,0.145000,0.145000,0.145000,0.145000,0.145000,0.145000
1432,0.145000,0.135000,0.135000,0.145000,0.145000,0.153000,0.145000,0.145000,0.153000,0.135000,0.135000,0.145000,0.114000,0.145000,0.145000,0.145000,0.145000,0.145000,0.145000,0.145000,0.145000,0.145000,0.145000
1433,0.145000,0.135000,0.135000,0.145000,0.145000,0.153000,0.145000,0.145000,0.153000,0.135000,0.135000,0.145000,0.114000,0.145000,0.145000,0.145000,0.145000,0.145000,0.145000,0.145000,0.145000,0.145000,0.145000
1434,0.145000,0.135000,0.135000,0.145000,0.145000,0.153000,0.145000,0.145000,0.153000,0.135000,0.135000,0.145000,0.114000,0.145000,0.145000,0.145000,0.145000,0.145000,0.145000,0.145000,0.145000,0.145000,0.145000
1435,0.145000,0.135000,0.135000,0.145000,0.145000,0.153000,0.145000,0.145000,0.153000,0.135000,0.135000,0.145000,0.114000,0.145000,0.145000,0.145000,0.145000,0.145000,0.145000,0.145000,0.145000,0.145000,0.145000
1436,0.145000,0.135000,0.135000,0.145000,0.145000,0.153000,0.145000,0.145000,0.153000,0.135000,0.135000,0.145000,0.114000,0.145000,0.145000,0.145000,0.145000,0.145000,0.145000,0.145000,0.145000,0.145000,0.145000
1437,0.145000,0.135000,0.135000,0.145000,0.145000,0.153000,0.145000,0.145000,0.153000,0.135000,0.135000,0.145000,0.114000,0.145000,0.145000,0.145000,0.145000,0.145000,0.145000,0.145000,0.145000,0.145000,0.145000
1438,0.145000,0.135000,0.135000,0.145000,0.145000,0.153000,0.145000,0.145000,0.153000,0.135000,0.135000,0.145000,0.114000,0.145000,0.145000,0.145000,0.145000,0.145000,0.145000,0.145000,0.145000,0.145000,0.145000
1439,0.145000,0.135000,0.135000,0.145000,0.145000,0.153000,0.145000,0.145000,0.153000,0.135000,0.135000,0.145000,0.114000,0.145000,0.145000,0.145000,0.145000,0.145000,0.145000,0.145000,0.145000,0.145000,0.145000
1440,0.145000,0.135000,0.135000,0.145000,0.145000,0.153000,0.145000,0.145000,0.153000,0.135000,0.135000,0.145000,0.114000,0.145000,0.145000,0.145000,0.145000,0.145000,0.145000,0.145000,0.145000,0.145000,0.145000
1441,0.145000,0.135000,0.135000,0.145000,0.145000,0.153000,0.145000,0.145000,0.153000,0.135000,0.135000,0.145000,0.114000,0.145000,0.145000,0.145000,0.145000,0.145000,0.145000,0.145000,0.145000,0.145000,0.145000
1442,0.145000,0.135000,0.135000,0.145000,0.145000,0.153000,0.145000,0.145000,0.153000,0.135000,0.135000,0.145000,0.114000,0.145000,0.145000,0.145000,0.145000,0.145000,0.145000,0.145000,0.145000,0.145000,0.145000
1443,0.145000,0.135000,0.135000,0.145000,0.145000,0.153000,0.145000,0.145000,0.153000,0.135000,0.135000,0.145000,0.114000,0.145000,0.145000,0.145000,0.145000,0.145000,0.145000,0.145000,0.145000,0.145000,0.145000
1444,0.145000,0.135000,0.135000,0.145000,0.145000,0.153000,0.145000,0.145000,0.153000,0.135000,0.135000,0.145000,0.114000,0.145000,0.145000,0.145000,0.145000,0.145000,0.145000,0.145000,0.145000,0.145000,0.145000
1445,0.145000,0.135000,0.135000,0.145000,0.145000,0.153000,0.145000,0.145000,0.153000,0.135000,0.135000,0.145000,0.114000,0.145000,0.145000,0.145000,0.145000,0.145000,0.145000,0.145000,0.145000,0.145000,0.145000
1446,0.145000,0.135000,0.135000,0.145000,0.145000,0.153000,0.145000,0.145000,0.153000,0.135000,0.135000,0.145000,0.114000,0.145000,0.145000,0.145000,0.145000,0.145000,0.145000,0.145000,0.145000,0.145000,0.145000
1447,0.145000,0.135000,0.135000,0.145000,0.145000,0.153000,0.145000,0.145000,0.153000,0.135000,0.135000,0.145000,0.114000,0.145000,0.145000,0.145000,0.145000,0.145000,0.145000,0.145000,0.145000,0.145000,0.145000
1448,0.145000,0.135000,0.135000,0.145000,0.145000,0.153000,0.145000,0.145000,0.153000,0.135000,0.135000,0.145000,0.114000,0.145000,0.145000,0.145000,0.145000,0.145000,0.145000,0.145000,0.145000,0.145000,0.145000
1449,0.145000,0.135000,0.135000,0.145000,0.145000,0.153000,0.145000,0.145000,0.153000,0.135000,0.135000,0.145000,0.114000,0.145000,0.145000,0.145000,0.145000,0.145000,0.145000,0.145000,0.145000,0.145000,0.145000
1450,0.145000,0.135000,0.135000,0.145000,0.145000,0.153000,0.145000,0.145000,0.153000,0.135000,0.135000,0.145000,0.114000,0.145000,0.145000,0.145000,0.145000,0.145000,0.145000,0.145000,0.145000,0.145000,0.145000
1451,0.145000,0.135000,0.135000,0.145000,0.145000,0.153000,0.145000,0.145000,0.153000,0.135000,0.135000,0.145000,0.114000,0.145000,0.145000,0.145000,0.145000,0.145000,0.145000,0.145000,0.145000,0.145000,0.145000
1452,0.145000,0.135000,0.135000,0.145000,0.145000,0.153000,0.145000,0.145000,0.153000,0.135000,0.135000,0.145000,0.114000,0.145000,0.145000,0.145000,0.145000,0.145000,0.145000,0.145000,0.145000,0.145000,0.145000
1453,0.145000,0.135000,0.135000,0.145000,0.145000,0.153000,0.145000,0.145000,0.153000,0.135000,0.135000,0.145000,0.114000,0.145000,0.145000,0.145000,0.145000,0.145000,0.145000,0.145000,0.145000,0.145000,0.145000
1454,0.145000,0.135000,0.135000,0.145000,0.145000,0.153000,0.145000,0.145000,0.153000,0.135000,0.135000,0.145000,0.114000,0.145000,0.145000,0.145000,0.145000,0.145000,0.145000,0.145000,0.145000,0.145000,0.145000
1455,0.145000,0.135000,0.135000,0.145000,0.145000,0.153000,0.145000,0.145000,0.153000,0.135000,0.135000,0.145000,0.114000,0.145000,0.145000,0.145000,0.145000,0.145000,0.145000,0.145000,0.145000,0.145000,0.145000
1456,0.145000,0.135000,0.135000,0.145000,0.145000,0.153000,0.145000,0.145000,0.153000,0.135000,0.135000,0.145000,0.114000,0.145000,0.145000,0.145000,0.145000,0.145000,0.145000,0.145000,0.145000,0.145000,0.145000
1457,0.145000,0.135000,0.135000,0.145000,0.145000,0.153000,0.145000,0.145000,0.153000,0.135000,0.135000,0.145000,0.114000,0.145000,0.145000,0.145000,0.145000,0.145000,0.145000,0.145000,0.145000,0.145000,0.145000
1458,0.145000,0.135000,0.135000,0.145000,0.145000,0.153000,0.145000,0.145000,0.153000,0.135000,0.135000,0.145000,0.114000,0.145000,0.145000,0.145000,0.145000,0.145000,0.145000,0.145000,0.145000,0.145000,0.145000
1459,0.145000,0.135000,0.135000,0.145000,0.145000,0.153000,0.145000,0.145000,0.153000,0.135000,0.135000,0.145000,0.114000,0.145000,0.145000,0.145000,0.145000,0.145000,0.145000,0.145000,0.145000,0.145000,0.145000
1460,0.145000,0.135000,0.135000,0.145000,0.145000,0.153000,0.145000,0.145000,0.153000,0.135000,0.135000,0.145000,0.114000,0.145000,0.145000,0.145000,0.145000,0.145000,0.145000,0.145000,0.145000,0.145000,0.145000
1461,0.145000,0.135000,0.135000,0.145000,0.145000,0.153000,0.145000,0.145000,0.153000,0.135000,0.135000,0.145000,0.114000,0.145000,0.145000,0.145000,0.145000,0.145000,0.145000,0.145000,0.145000,0.145000,0.145000
1462,0.145000,0.135000,0.135000,0.145000,0.145000,0.153000,0.145000,0.145000,0.153000,0.135000,0.135000,0.145000,0.114000,0.145000,0.145000,0.145000,0.145000,0.145000,0.145000,0.145000,0.145000,0.145000,0.145000
1463,0.145000,0.135000,0.135000,0.145000,0.145000,0.153000,0.145000,0.145000,0.153000,0.135000,0.135000,0.145000,0.114000,0.145000,0.145000,0.145000,0.145000,0.145000,0.145000,0.145000,0.145000,0.145000,0.145000
1464,0.145000,0.135000,0.135000,0.145000,0.145000,0.153000,0.145000,0.145000,0.153000,0.135000,0.135000,0.145000,0.114000,0.145000,0.145000,0.145000,0.145000,0.145000,0.145000,0.145000,0.145000,0.145000,0.145000
1465,0.145000,0.135000,0.135000,0.145000,0.145000,0.153000,0.145000,0.145000,0.153000,0.135000,0.135000,0.145000,0.114000,0.145000,0.145000,0.145000,0.145000,0.145000,0.145000,0.145000,0.145000,0.145000,0.145000
1466,0.145000,0.135000,0.135000,0.145000,0.145000,0.153000,0.145000,0.145000,0.153000,0.135000,0.135000,0.145000,0.114000,0.145000,0.145000,0.145000,0.145000,0.145000,0.145000,0.145000,0.145000,0.145000,0.145000
1467,0.145000,0.135000,0.135000,0.145000,0.145000,0.153000,0.145000,0.145000,0.153000,0.135000,0.135000,0.145000,0.114000,0.145000,0.145000,0.145000,0.145000,0.145000,0.145000,0.145000,0.145000,0.145000,0.145000
1468,0.145000,0.135000,0.135000,0.145000,0.145000,0.153000,0.145000,0.145000,0.153000,0.135000,0.135000,0.145000,0.114000,0.145000,0.145000,0.145000,0.145000,0.145000,0.145000,0.145000,0.145000,0.145000,0.145000
1469,0.145000,0.135000,0.135000,0.145000,0.145000,0.153000,0.145000,0.145000,0.153000,0.135000,0.135000,0.145000,0.114000,0.145000,0.145000,0.145000,0.145000,0.145000,0.145000,0.145000,0.145000,0.145000,0.145000
1470,0.145000,0.135000,0.135000,0.145000,0.145000,0.153000,0.145000,0.145000,0.153000,0.135000,0.135000,0.145000,0.114000,0.145000,0.145000,0.145000,0.145000,0.145000,0.145000,0.145000,0.145000,0.145000,0.145000
1471,0.145000,0.135000,0.135000,0.145000,0.145000,0.153000,0.145000,0.145000,0.153000,0.135000,0.135000,0.145000,0.114000,0.145000,0.145000,0.145000,0.145000,0.145000,0.145000,0.145000,0.145000,0.145000,0.145000
1472,0.145000,0.135000,0.135000,0.145000,0.145000,0.153000,0.145000,0.145000,0.153000,0.135000,0.135000,0.145000,0.114000,0.145000,0.145000,0.145000,0.145000,0.145000,0.145000,0.145000,0.145000,0.145000,0.145000
1473,0.145000,0.135000,0.135000,0.145000,0.145000,0.153000,0.145000,0.145000,0.153000,0.135000,0.135000,0.145000,0.114000,0.145000,0.145000,0.145000,0.145000,0.145000,0.145000,0.145000,0.145000,0.145000,0.145000
1474,0.145000,0.135000,0.135000,0.145000,0.145000,0.153000,0.145000,0.145000,0.153000,0.135000,0.135000,0.145000,0.114000,0.145000,0.145000,0.145000,0.145000,0.145000,0.145000,0.145000,0.145000,0.145000,0.145000
1475,0.145000,0.135000,0.135000,0.145000,0.145000,0.153000,0.145000,0.145000,0.153000,0.135000,0.135000,0.145000,0.114000,0.145000,0.145000,0.145000,0.145000,0.145000,0.145000,0.145000,0.145000,0.145000,0.145000
1476,0.145000,0.135000,0.135000,0.145000,0.145000,0.153000,0.145000,0.145000,0.153000,0.135000,0.135000,0.145000,0.114000,0.145000,0.145000,0.145000,0.145000,0.145000,0.145000,0.145000,0.145000,0.145000,0.145000
1477,0.145000,0.135000,0.135000,0.145000,0.145000,0.153000,0.145000,0.145000,0.153000,0.135000,0.135000,0.145000,0.114000,0.145000,0.145000,0.145000,0.145000,0.145000,0.145000,0.145000,0.145000,0.145000,0.145000
1478,0.145000,0.135000,0.135000,0.145000,0.145000,0.153000,0.145000,0.145000,0.153000,0.135000,0.135000,0.145000,0.114000,0.145000,0.145000,0.145000,0.145000,0.145000,0.145000,0.145000,0.145000,0.145000,0.145000
1479,0.145000,0.135000,0.135000,0.145000,0.145000,0.153000,0.145000,0.145000,0.153000,0.135000,0.135000,0.145000,0.114000,0.145000,0.145000,0.145000,0.145000,0.145000,0.145000,0.145000,0.145000,0.145000,0.145000
1480,0.145000,0.135000,0.135000,0.145000,0.145000,0.153000,0.145000,0.145000,0.153000,0.135000,0.135000,0.145000,0.114000,0.145000,0.145000,0.145000,0.145000,0.145000,0.145000,0.145000,0.145000,0.145000,0.145000
1481,0.145000,0.135000,0.135000,0.145000,0.145000,0.153000,0.145000,0.145000,0.153000,0.135000,0.135000,0.145000,0.114000,0.145000,0.145000,0.145000,0.145000,0.145000,0.145000,0.145000,0.145000,0.145000,0.145000
1482,0.145000,0.135000,0.135000,0.145000,0.145000,0.153000,0.145000,0.145000,0.153000,0.135000,0.135000,0.145000,0.114000,0.145000,0.145000,0.145000,0.145000,0.145000,0.145000,0.145000,0.145000,0.145000,0.145000
1483,0.145000,0.135000,0.135000,0.145000,0.145000,0.153000,0.145000,0.145000,0.153000,0.135000,0.135000,0.145000,0.114000,0.145000,0.145000,0.145000,0.145000,0.145000,0.145000,0.145000,0.145000,0.145000,0.145000
1484,0.145000,0.135000,0.135000,0.145000,0.145000,0.153000,0.145000,0.145000,0.153000,0.135000,0.135000,0.145000,0.114000,0.145000,0.145000,0.145000,0.145000,0.145000,0.145000,0.145000,0.145000,0.145000,0.145000
1485,0.145000,0.135000,0.135000,0.145000,0.145000,0.153000,0.145000,0.145000,0.153000,0.135000,0.135000,0.145000,0.114000,0.145000,0.145000,0.145000,0.145000,0.145000,0.145000,0.145000,0.145000,0.145000,0.145000
1486,0.145000,0.135000,0.135000,0.145000,0.145000,0.153000,0.145000,0.145000,0.153000,0.135000,0.135000,0.145000,0.114000,0.145000,0.145000,0.145000,0.145000,0.145000,0.145000,0.145000,0.145000,0.145000,0.145000
1487,0.145000,0.135000,0.135000,0.145000,0.145000,0.153000,0.145000,0.145000,0.153000,0.135000,0.135000,0.145000,0.114000,0.145000,0.145000,0.145000,0.145000,0.145000,0.145000,0.145000,0.145000,0.145000,0.145000
1488,0.145000,0.135000,0.135000,0.145000,0.145000,0.153000,0.145000,0.145000,0.153000,0.135000,0.135000,0.145000,0.114000,0.145000,0.145000,0.145000,0.145000,0.145000,0.145000,0.145000,0.145000,0.145000,0.145000
1489,0.145000,0.135000,0.135000,0.145000,0.145000,0.153000,0.145000,0.145000,0.153000,0.135000,0.135000,0.145000,0.114000,0.145000,0.145000,0.145000,0.145000,0.145000,0.145000,0.145000,0.145000,0.145000,0.145000
1490,0.145000,0.135000,0.135000,0.145000,0.145000,0.153000,0.145000,0.145000,0.153000,0.135000,0.135000,0.145000,0.114000,0.145000,0.145000,0.145000,0.145000,0.145000,0.145000,0.145000,0.145000,0.145000,0.145000
1491,0.145000,0.135000,0.135000,0.145000,0.145000,0.153000,0.145000,0.145000,0.153000,0.135000,0.135000,0.145000,0.114000,0.145000,0.145000,0.145000,0.145000,0.145000,0.145000,0.145000,0.145000,0.145000,0.145000
1492,0.145000,0.135000,0.135000,0.145000,0.145000,0.153000,0.145000,0.145000,0.153000,0.135000,0.135000,0.145000,0.114000,0.145000,0.145000,0.145000,0.145000,0.145000,0.145000,0.145000,0.145000,0.145000,0.145000
1493,0.145000,0.135000,0.135000,0.145000,0.145000,0.153000,0.145000,0.145000,0.153000,0.135000,0.135000,0.145000,0.114000,0.145000,0.145000,0.145000,0.145000,0.145000,0.145000,0.145000,0.145000,0.145000,0.145000
1494,0.145000,0.135000,0.135000,0.145000,0.145000,0.153000,0.145000,0.145000,0.153000,0.135000,0.135000,0.145000,0.114000,0.145000,0.145000,0.145000,0.145000,0.145000,0.145000,0.145000,0.145000,0.145000,0.145000
1495,0.145000,0.135000,0.135000,0.145000,0.145000,0.153000,0.145000,0.145000,0.153000,0.135000,0.135000,0.145000,0.114000,0.145000,0.145000,0.145000,0.145000,0.145000,0.145000,0.145000,0.145000,0.145000,0.145000
1496,0.145000,0.135000,0.135000,0.145000,0.145000,0.153000,0.145000,0.145000,0.153000,0.135000,0.135000,0.145000,0.114000,0.145000,0.145000,0.145000,0.145000,0.145000,0.145000,0.145000,0.145000,0.145000,0.145000
1497,0.145000,0.135000,0.135000,0.145000,0.145000,0.153000,0.145000,0.145000,0.153000,0.135000,0.135000,0.145000,0.114000,0.145000,0.145000,0.145000,0.145000,0.145000,0.145000,0.145000,0.145000,0.145000,0.145000
1498,0.145000,0.135000,0.135000,0.145000,0.145000,0.153000,0.145000,0.145000,0.153000,0.135000,0.135000,0.145000,0.114000,0.145000,0.145000,0.145000,0.145000,0.145000,0.145000,0.145000,0.145000,0.145000,0.145000
1499,0.145000,0.135000,0.135000,0.145000,0.145000,0.153000,0.145000,0.145000,0.153000,0.135000,0.135000,0.145000,0.114000,0.145000,0.145000,0.145000,0.145000,0.145000,0.145000,0.145000,0.145000,0.145000,0.145000
1500,0.145000,0.135000,0.135000,0.145000,0.145000,0.153000,0.145000,0.145000,0.153000,0.135000,0.135000,0.145000,0.114000,0.145000,0.145000,0.145000,0.145000,0.145000,0.145000,0.145000,0.145000,0.145000,0.145000
1501,0.145000,0.135000,0.135000,0.145000,0.145000,0.153000,0.145000,0.145000,0.153000,0.135000,0.135000,0.145000,0.114000,0.145000,0.145000,0.145000,0.145000,0.145000,0.145000,0.145000,0.145000,0.145000,0.145000
1502,0.145000,0.135000,0.135000,0.145000,0.145000,0.153000,0.145000,0.145000,0.153000,0.135000,0.135000,0.145000,0.114000,0.145000,0.145000,0.145000,0.145000,0.145000,0.145000,0.145000,0.145000,0.145000,0.145000
1503,0.145000,0.135000,0.135000,0.145000,0.145000,0.153000,0.145000,0.145000,0.153000,0.135000,0.135000,0.145000,0.114000,0.145000,0.145000,0.145000,0.145000,0.145000,0.145000,0.145000,0.145000,0.145000,0.145000
1504,0.145000,0.135000,0.135000,0.145000,0.145000,0.153000,0.145000,0.145000,0.153000,0.135000,0.135000,0.145000,0.114000,0.145000,0.145000,0.145000,0.145000,0.145000,0.145000,0.145000,0.145000,0.145000,0.145000
1505,0.145000,0.135000,0.135000,0.145000,0.145000,0.153000,0.145000,0.145000,0.153000,0.135000,0.135000,0.145000,0.114000,0.145000,0.145000,0.145000,0.145000,0.145000,0.145000,0.145000,0.145000,0.145000,0.145000
1506,0.145000,0.135000,0.135000,0.145000,0.145000,0.153000,0.145000,0.145000,0.153000,0.135000,0.135000,0.145000,0.114000,0.145000,0.145000,0.145000,0.145000,0.145000,0.145000,0.145000,0.145000,0.145000,0.145000
1507,0.145000,0.135000,0.135000,0.145000,0.145000,0.153000,0.145000,0.145000,0.145000,0.135000,0.135000,0.145000,0.114000,0.145000,0.145000,0.145000,0.145000,0.145000,0.145000,0.145000,0.145000,0.145000,0.145000
1508,0.145000,0.135000,0.135000,0.145000,0.145000,0.153000,0.145000,0.145000,0.145000,0.135000,0.135000,0.145000,0.114000,0.145000,0.145000,0.145000,0.145000,0.145000,0.145000,0.145000,0.145000,0.145000,0.145000
1509,0.145000,0.135000,0.135000,0.145000,0.145000,0.153000,0.145000,0.145000,0.145000,0.135000,0.135000,0.145000,0.114000,0.145000,0.145000,0.145000,0.145000,0.145000,0.145000,0.145000,0.145000,0.145000,0.145000
1510,0.145000,0.135000,0.135000,0.145000,0.145000,0.153000,0.145000,0.145000,0.145000,0.135000,0.135000,0.145000,0.114000,0.145000,0.145000,0.145000,0.145000,0.145000,0.145000,0.145000,0.145000,0.145000,0.145000
1511,0.145000,0.135000,0.135000,0.145000,0.145000,0.153000,0.145000,0.145000,0.145000,0.135000,0.135000,0.145000,0.114000,0.145000,0.145000,0.145000,0.145000,0.145000,0.145000,0.145000,0.145000,0.145000,0.145000
1512,0.145000,0.135000,0.135000,0.145000,0.145000,0.153000,0.145000,0.145000,0.145000,0.135000,0.135000,0.145000,0.114000,0.145000,0.145000,0.145000,0.145000,0.145000,0.145000,0.145000,0.145000,0.145000,0.145000
1513,0.145000,0.135000,0.135000,0.145000,0.145000,0.153000,0.145000,0.145000,0.145000,0.135000,0.135000,0.145000,0.114000,0.145000,0.145000,0.145000,0.145000,0.145000,0.145000,0.145000,0.145000,0.145000,0.145000
1514,0.145000,0.135000,0.135000,0.145000,0.145000,0.153000,0.145000,0.145000,0.145000,0.135000,0.135000,0.145000,0.114000,0.145000,0.145000,0.145000,0.145000,0.145000,0.145000,0.145000,0.145000,0.145000,0.145000
1515,0.145000,0.135000,0.135000,0.145000,0.145000,0.153000,0.145000,0.145000,0.145000,0.135000,0.135000,0.145000,0.114000,0.145000,0.145000,0.145000,0.145000,0.145000,0.145000,0.145000,0.145000,0.145000,0.145000
1516,0.145000,0.135000,0.135000,0.145000,0.145000,0.153000,0.145000,0.145000,0.145000,0.135000,0.135000,0.145000,0.114000,0.145000,0.145000,0.145000,0.145000,0.145000,0.145000,0.145000,0.145000,0.145000,0.145000
1517,0.145000,0.135000,0.135000,0.145000,0.145000,0.153000,0.145000,0.145000,0.145000,0.135000,0.135000,0.145000,0.114000,0.145000,0.145000,0.145000,0.145000,0.145000,0.145000,0.145000,0.145000,0.145000,0.145000
1518,0.145000,0.135000,0.135000,0.145000,0.145000,0.153000,0.145000,0.145000,0.145000,0.135000,0.135000,0.145000,0.114000,0.145000,0.145000,0.145000,0.145000,0.145000,0.145000,0.145000,0.145000,0.145000,0.145000
1519,0.145000,0.135000,0.135000,0.145000,0.145000,0.153000,0.145000,0.145000,0.145000,0.135000,0.135000,0.145000,0.114000,0.145000,0.145000,0.145000,0.145000,0.145000,0.145000,0.145000,0.145000,0.145000,0.145000
1520,0.145000,0.135000,0.135000,0.145000,0.145000,0.153000,0.145000,0.145000,0.145000,0.135000,0.135000,0.145000,0.114000,0.145000,0.145000,0.145000,0.145000,0.145000,0.145000,0.145000,0.145000,0.145000,0.145000
1521,0.145000,0.135000,0.135000,0.145000,0.145000,0.153000,0.145000,0.145000,0.145000,0.135000,0.135000,0.145000,0.114000,0.145000,0.145000,0.145000,0.145000,0.145000,0.145000,0.145000,0.145000,0.145000,0.145000
1522,0.145000,0.135000,0.135000,0.145000,0.145000,0.153000,0.145000,0.145000,0.145000,0.135000,0.135000,0.145000,0.114000,0.145000,0.145000,0.145000,0.145000,0.145000,0.145000,0.145000,0.145000,0.145000,0.145000
1523,0.145000,0.135000,0.135000,0.145000,0.145000,0.153000,0.145000,0.145000,0.145000,0.135000,0.135000,0.145000,0.114000,0.145000,0.145000,0.145000,0.145000,0.145000,0.145000,0.145000,0.145000,0.145000,0.145000
1524,0.145000,0.135000,0.135000,0.145000,0.145000,0.153000,0.145000,0.145000,0.145000,0.135000,0.135000,0.145000,0.114000,0.145000,0.145000,0.145000,0.145000,0.145000,0.145000,0.145000,0.145000,0.145000,0.145000
1525,0.145000,0.135000,0.135000,0.145000,0.145000,0.153000,0.145000,0.145000,0.145000,0.135000,0.135000,0.145000,0.114000,0.145000,0.145000,0.145000,0.145000,0.145000,0.145000,0.145000,0.145000,0.145000,0.145000
1526,0.145000,0.135000,0.135000,0.145000,0.145000,0.153000,0.145000,0.145000,0.145000,0.135000,0.135000,0.145000,0.114000,0.145000,0.145000,0.145000,0.145000,0.145000,0.145000,0.145000,0.145000,0.145000,0.145000
1527,0.145000,0.135000,0.135000,0.145000,0.145000,0.153000,0.145000,0.145000,0.145000,0.135000,0.135000,0.145000,0.114000,0.145000,0.145000,0.145000,0.145000,0.145000,0.145000,0.145000,0.145000,0.145000,0.145000
1528,0.145000,0.135000,0.135000,0.145000,0.145000,0.153000,0.145000,0.145000,0.145000,0.135000,0.135000,0.145000,0.114000,0.145000,0.145000,0.145000,0.145000,0.145000,0.145000,0.145000,0.145000,0.145000,0.145000
1529,0.145000,0.135000,0.135000,0.145000,0.145000,0.153000,0.145000,0.145000,0.145000,0.135000,0.135000,0.145000,0.114000,0.145000,0.145000,0.145000,0.145000,0.145000,0.145000,0.145000,0.145000,0.145000,0.145000
1530,0.145000,0.135000,0.135000,0.145000,0.145000,0.153000,0.145000,0.145000,0.145000,0.135000,0.135000,0.145000,0.114000,0.145000,0.145000,0.145000,0.145000,0.145000,0.145000,0.145000,0.145000,0.145000,0.145000
1531,0.145000,0.135000,0.135000,0.145000,0.145000,0.153000,0.145000,0.145000,0.145000,0.135000,0.135000,0.145000,0.114000,0.145000,0.145000,0.145000,0.145000,0.145000,0.145000,0.145000,0.145000,0.145000,0.145000
1532,0.145000,0.135000,0.135000,0.145000,0.145000,0.153000,0.145000,0.145000,0.145000,0.135000,0.135000,0.145000,0.114000,0.145000,0.145000,0.145000,0.145000,0.145000,0.145000,0.145000,0.145000,0.145000,0.145000
1533,0.145000,0.135000,0.135000,0.145000,0.145000,0.153000,0.145000,0.145000,0.145000,0.135000,0.135000,0.145000,0.114000,0.145000,0.145000,0.145000,0.145000,0.145000,0.145000,0.145000,0.145000,0.145000,0.145000
1534,0.145000,0.135000,0.135000,0.145000,0.145000,0.153000,0.145000,0.145000,0.145000,0.135000,0.135000,0.145000,0.114000,0.145000,0.145000,0.145000,0.145000,0.145000,0.145000,0.145000,0.145000,0.145000,0.145000
1535,0.145000,0.135000,0.135000,0.145000,0.145000,0.153000,0.145000,0.145000,0.145000,0.135000,0.135000,0.145000,0.114000,0.145000,0.145000,0.145000,0.145000,0.145000,0.145000,0.145000,0.145000,0.145000,0.145000
1536,0.145000,0.135000,0.135000,0.145000,0.145000,0.153000,0.145000,0.145000,0.145000,0.135000,0.135000,0.145000,0.114000,0.145000,0.145000,0.145000,0.145000,0.145000,0.145000,0.145000,0.145000,0.145000,0.145000
1537,0.145000,0.135000,0.135000,0.145000,0.145000,0.153000,0.145000,0.145000,0.145000,0.135000,0.135000,0.145000,0.114000,0.145000,0.145000,0.145000,0.145000,0.145000,0.145000,0.145000,0.145000,0.145000,0.145000
1538,0.145000,0.135000,0.135000,0.145000,0.145000,0.153000,0.145000,0.145000,0.145000,0.135000,0.135000,0.145000,0.114000,0.145000,0.145000,0.145000,0.145000,0.145000,0.145000,0.145000,0.145000,0.145000,0.145000
1539,0.145000,0.135000,0.135000,0.145000,0.145000,0.153000,0.145000,0.145000,0.145000,0.135000,0.135000,0.145000,0.114000,0.145000,0.145000,0.145000,0.145000,0.145000,0.145000,0.145000,0.145000,0.145000,0.145000
1540,0.145000,0.135000,0.135000,0.145000,0.145000,0.153000,0.145000,0.145000,0.145000,0.135000,0.135000,0.145000,0.114000,0.145000,0.145000,0.145000,0.145000,0.145000,0.145000,0.145000,0.145000,0.145000,0.145000
1541,0.145000,0.135000,0.135000,0.145000,0.145000,0.153000,0.145000,0.145000,0.145000,0.135000,0.135000,0.145000,0.114000,0.145000,0.145000,0.145000,0.145000,0.145000,0.145000,0.145000,0.145000,0.145000,0.145000
1542,0.145000,0.135000,0.135000,0.145000,0.145000,0.153000,0.145000,0.145000,0.145000,0.135000,0.135000,0.145000,0.114000,0.145000,0.145000,0.145000,0.145000,0.145000,0.145000,0.145000,0.145000,0.145000,0.145000
1543,0.145000,0.135000,0.135000,0.145000,0.145000,0.153000,0.145000,0.145000,0.145000,0.135000,0.135000,0.145000,0.114000,0.145000,0.145000,0.145000,0.145000,0.145000,0.145000,0.145000,0.145000,0.145000,0.145000
1544,0.145000,0.135000,0.135000,0.145000,0.145000,0.153000,0.145000,0.145000,0.145000,0.135000,0.135000,0.145000,0.114000,0.145000,0.145000,0.145000,0.145000,0.145000,0.145000,0.145000,0.145000,0.145000,0.145000
1545,0.145000,0.135000,0.135000,0.145000,0.145000,0.153000,0.145000,0.145000,0.145000,0.135000,0.135000,0.145000,0.114000,0.145000,0.145000,0.145000,0.145000,0.145000,0.145000,0.145000,0.145000,0.145000,0.145000
1546,0.145000,0.135000,0.135000,0.145000,0.145000,0.153000,0.145000,0.145000,0.145000,0.135000,0.135000,0.145000,0.114000,0.145000,0.145000,0.145000,0.145000,0.145000,0.145000,0.145000,0.145000,0.145000,0.145000
1547,0.145000,0.135000,0.135000,0.145000,0.145000,0.153000,0.145000,0.145000,0.145000,0.135000,0.135000,0.145000,0.114000,0.145000,0.145000,0.145000,0.145000,0.145000,0.145000,0.145000,0.145000,0.145000,0.145000
1548,0.145000,0.135000,0.135000,0.145000,0.145000,0.153000,0.145000,0.145000,0.145000,0.135000,0.135000,0.145000,0.114000,0.145000,0.145000,0.145000,0.145000,0.145000,0.145000,0.145000,0.145000,0.145000,0.145000
1549,0.145000,0.135000,0.135000,0.145000,0.145000,0.153000,0.145000,0.145000,0.145000,0.135000,0.135000,0.145000,0.114000,0.145000,0.145000,0.145000,0.145000,0.145000,0.145000,0.145000,0.145000,0.145000,0.145000
1550,0.145000,0.135000,0.135000,0.145000,0.145000,0.153000,0.145000,0.145000,0.145000,0.135000,0.135000,0.145000,0.114000,0.145000,0.145000,0.145000,0.145000,0.145000,0.145000,0.145000,0.145000,0.145000,0.145000
1551,0.145000,0.135000,0.135000,0.145000,0.145000,0.153000,0.145000,0.145000,0.145000,0.135000,0.135000,0.145000,0.114000,0.145000,0.145000,0.145000,0.145000,0.145000,0.145000,0.145000,0.145000,0.145000,0.145000
1552,0.145000,0.135000,0.135000,0.145000,0.145000,0.153000,0.145000,0.145000,0.145000,0.135000,0.135000,0.145000,0.114000,0.145000,0.145000,0.145000,0.145000,0.145000,0.145000,0.145000,0.145000,0.145000,0.145000
1553,0.145000,0.135000,0.135000,0.145000,0.145000,0.153000,0.145000,0.145000,0.145000,0.135000,0.135000,0.145000,0.114000,0.145000,0.145000,0.145000,0.145000,0.145000,0.145000,0.145000,0.145000,0.145000,0.145000
1554,0.145000,0.135000,0.135000,0.145000,0.145000,0.153000,0.145000,0.145000,0.145000,0.135000,0.135000,0.145000,0.114000,0.145000,0.145000,0.145000,0.145000,0.145000,0.145000,0.145000,0.145000,0.145000,0.145000
1555,0.145000,0.135000,0.135000,0.145000,0.145000,0.153000,0.145000,0.145000,0.145000,0.135000,0.135000,0.145000,0.114000,0.145000,0.145000,0.145000,0.145000,0.145000,0.145000,0.145000,0.145000,0.145000,0.145000
1556,0.145000,0.135000,0.135000,0.145000,0.145000,0.153000,0.145000,0.145000,0.145000,0.135000,0.135000,0.145000,0.114000,0.145000,0.145000,0.145000,0.145000,0.145000,0.145000,0.145000,0.145000,0.145000,0.145000
1557,0.145000,0.135000,0.135000,0.145000,0.145000,0.153000,0.145000,0.145000,0.145000,0.135000,0.135000,0.145000,0.114000,0.145000,0.145000,0.145000,0.145000,0.145000,0.145000,0.145000,0.145000,0.145000,0.145000
1558,0.145000,0.135000,0.135000,0.145000,0.145000,0.153000,0.145000,0.145000,0.145000,0.135000,0.135000,0.145000,0.114000,0.145000,0.145000,0.145000,0.145000,0.145000,0.145000,0.145000,0.145000,0.145000,0.145000
1559,0.145000,0.135000,0.135000,0.145000,0.145000,0.153000,0.145000,0.145000,0.145000,0.135000,0.135000,0.145000,0.114000,0.145000,0.145000,0.145000,0.145000,0.145000,0.145000,0.145000,0.145000,0.145000,0.145000
1560,0.145000,0.135000,0.135000,0.145000,0.145000,0.153000,0.145000,0.145000,0.145000,0.135000,0.135000,0.145000,0.114000,0.145000,0.145000,0.145000,0.145000,0.145000,0.145000,0.145000,0.145000,0.145000,0.145000
1561,0.145000,0.135000,0.135000,0.145000,0.145000,0.153000,0.145000,0.145000,0.145000,0.135000,0.135000,0.145000,0.114000,0.145000,0.145000,0.145000,0.145000,0.145000,0.145000,0.145000,0.145000,0.145000,0.145000
1562,0.145000,0.135000,0.135000,0.145000,0.145000,0.153000,0.145000,0.145000,0.145000,0.135000,0.135000,0.145000,0.114000,0.145000,0.145000,0.145000,0.145000,0.145000,0.145000,0.145000,0.145000,0.145000,0.145000
1563,0.145000,0.135000,0.135000,0.145000,0.145000,0.153000,0.145000,0.145000,0.145000,0.135000,0.135000,0.145000,0.114000,0.145000,0.145000,0.145000,0.145000,0.145000,0.145000,0.145000,0.145000,0.145000,0.145000
1564,0.145000,0.135000,0.135000,0.145000,0.145000,0.153000,0.145000,0.145000,0.145000,0.135000,0.135000,0.145000,0.114000,0.145000,0.145000,0.145000,0.145000,0.145000,0.145000,0.145000,0.145000,0.145000,0.145000
1565,0.145000,0.135000,0.135000,0.145000,0.145000,0.153000,0.145000,0.145000,0.145000,0.135000,0.135000,0.145000,0.114000,0.145000,0.145000,0.145000,0.145000,0.145000,0.145000,0.145000,0.145000,0.145000,0.145000
1566,0.145000,0.135000,0.135000,0.145000,0.145000,0.153000,0.145000,0.145000,0.145000,0.135000,0.135000,0.145000,0.114000,0.145000,0.145000,0.145000,0.145000,0.145000,0.145000,0.145000,0.145000,0.145000,0.145000
1567,0.145000,0.135000,0.135000,0.145000,0.145000,0.153000,0.145000,0.145000,0.145000,0.135000,0.135000,0.145000,0.114000,0.145000,0.145000,0.145000,0.145000,0.145000,0.145000,0.145000,0.145000,0.145000,0.145000
1568,0.145000,0.135000,0.135000,0.145000,0.145000,0.153000,0.145000,0.145000,0.145000,0.135000,0.135000,0.145000,0.114000,0.145000,0.145000,0.145000,0.145000,0.145000,0.145000,0.145000,0.145000,0.145000,0.145000
1569,0.145000,0.135000,0.135000,0.145000,0.145000,0.153000,0.145000,0.145000,0.145000,0.135000,0.135000,0.145000,0.114000,0.145000,0.145000,0.145000,0.145000,0.145000,0.145000,0.145000,0.145000,0.145000,0.145000
1570,0.145000,0.135000,0.135000,0.145000,0.145000,0.153000,0.145000,0.145000,0.145000,0.135000,0.135000,0.145000,0.114000,0.145000,0.145000,0.145000,0.145000,0.145000,0.145000,0.145000,0.145000,0.145000,0.145000
1571,0.145000,0.135000,0.135000,0.145000,0.145000,0.153000,0.145000,0.145000,0.145000,0.135000,0.135000,0.145000,0.114000,0.145000,0.145000,0.145000,0.145000,0.145000,0.145000,0.145000,0.145000,0.145000,0.145000
1572,0.145000,0.135000,0.135000,0.145000,0.145000,0.153000,0.145000,0.145000,0.145000,0.135000,0.135000,0.145000,0.114000,0.145000,0.145000,0.145000,0.145000,0.145000,0.145000,0.145000,0.145000,0.145000,0.145000
1573,0.145000,0.135000,0.135000,0.145000,0.145000,0.153000,0.145000,0.145000,0.145000,0.135000,0.135000,0.145000,0.114000,0.145000,0.145000,0.145000,0.145000,0.145000,0.145000,0.145000,0.145000,0.145000,0.145000
1574,0.145000,0.135000,0.135000,0.145000,0.145000,0.153000,0.145000,0.145000,0.145000,0.135000,0.135000,0.145000,0.114000,0.145000,0.145000,0.145000,0.145000,0.145000,0.145000,0.145000,0.145000,0.145000,0.145000
1575,0.145000,0.135000,0.135000,0.145000,0.145000,0.153000,0.145000,0.145000,0.145000,0.135000,0.135000,0.145000,0.114000,0.145000,0.145000,0.145000,0.145000,0.145000,0.145000,0.145000,0.145000,0.145000,0.145000
1576,0.145000,0.135000,0.135000,0.145000,0.145000,0.153000,0.145000,0.145000,0.145000,0.135000,0.135000,0.145000,0.114000,0.145000,0.145000,0.145000,0.145000,0.145000,0.145000,0.145000,0.145000,0.145000,0.145000
1577,0.145000,0.135000,0.135000,0.145000,0.145000,0.153000,0.145000,0.145000,0.145000,0.135000,0.135000,0.145000,0.114000,0.145000,0.145000,0.145000,0.145000,0.145000,0.145000,0.145000,0.145000,0.145000,0.145000
1578,0.145000,0.135000,0.135000,0.145000,0.145000,0.153000,0.145000,0.145000,0.145000,0.135000,0.135000,0.145000,0.114000,0.145000,0.145000,0.145000,0.145000,0.145000,0.145000,0.145000,0.145000,0.145000,0.145000
1579,0.145000,0.135000,0.135000,0.145000,0.145000,0.153000,0.145000,0.145000,0.145000,0.135000,0.135000,0.145000,0.114000,0.145000,0.145000,0.145000,0.145000,0.145000,0.145000,0.145000,0.145000,0.145000,0.145000
1580,0.145000,0.135000,0.135000,0.145000,0.145000,0.153000,0.145000,0.145000,0.145000,0.135000,0.135000,0.145000,0.114000,0.145000,0.145000,0.145000,0.145000,0.145000,0.145000,0.145000,0.145000,0.145000,0.145000
1581,0.145000,0.135000,0.135000,0.145000,0.145000,0.153000,0.145000,0.145000,0.145000,0.135000,0.135000,0.145000,0.114000,0.145000,0.145000,0.145000,0.145000,0.145000,0.145000,0.145000,0.145000,0.145000,0.145000
1582,0.145000,0.135000,0.135000,0.145000,0.145000,0.153000,0.145000,0.145000,0.145000,0.135000,0.135000,0.145000,0.114000,0.145000,0.145000,0.145000,0.145000,0.145000,0.145000,0.145000,0.145000,0.145000,0.145000
1583,0.145000,0.135000,0.135000,0.145000,0.145000,0.153000,0.145000,0.145000,0.145000,0.135000,0.135000,0.145000,0.114000,0.145000,0.145000,0.145000,0.145000,0.145000,0.145000,0.145000,0.145000,0.145000,0.145000
1584,0.145000,0.135000,0.135000,0.145000,0.145000,0.153000,0.145000,0.145000,0.145000,0.135000,0.135000,0.145000,0.114000,0.145000,0.145000,0.145000,0.145000,0.145000,0.145000,0.145000,0.145000,0.145000,0.145000
1585,0.145000,0.135000,0.135000,0.145000,0.145000,0.153000,0.145000,0.145000,0.145000,0.135000,0.135000,0.145000,0.114000,0.145000,0.145000,0.145000,0.145000,0.145000,0.145000,0.145000,0.145000,0.145000,0.145000
1586,0.145000,0.135000,0.135000,0.145000,0.145000,0.153000,0.145000,0.145000,0.145000,0.135000,0.135000,0.145000,0.114000,0.145000,0.145000,0.145000,0.145000,0.145000,0.145000,0.145000,0.145000,0.145000,0.145000
1587,0.145000,0.135000,0.135000,0.145000,0.145000,0.153000,0.145000,0.145000,0.145000,0.135000,0.135000,0.145000,0.114000,0.145000,0.145000,0.145000,0.145000,0.145000,0.145000,0.145000,0.145000,0.145000,0.145000
1588,0.145000,0.135000,0.135000,0.145000,0.145000,0.153000,0.145000,0.145000,0.145000,0.135000,0.135000,0.145000,0.114000,0.145000,0.145000,0.145000,0.145000,0.145000,0.145000,0.145000,0.145000,0.145000,0.145000
1589,0.145000,0.135000,0.135000,0.145000,0.145000,0.153000,0.145000,0.145000,0.145000,0.135000,0.135000,0.145000,0.114000,0.145000,0.145000,0.145000,0.145000,0.145000,0.145000,0.145000,0.145000,0.145000,0.145000
1590,0.145000,0.135000,0.135000,0.145000,0.145000,0.153000,0.145000,0.145000,0.145000,0.135000,0.135000,0.145000,0.114000,0.145000,0.145000,0.145000,0.145000,0.145000,0.145000,0.145000,0.145000,0.145000,0.145000
1591,0.145000,0.135000,0.135000,0.145000,0.145000,0.153000,0.145000,0.145000,0.145000,0.135000,0.135000,0.145000,0.114000,0.145000,0.145000,0.145000,0.145000,0.145000,0.145000,0.145000,0.145000,0.145000,0.145000
1592,0.145000,0.135000,0.135000,0.145000,0.145000,0.153000,0.145000,0.145000,0.145000,0.135000,0.135000,0.145000,0.114000,0.145000,0.145000,0.145000,0.145000,0.145000,0.145000,0.145000,0.145000,0.145000,0.145000
1593,0.145000,0.135000,0.135000,0.145000,0.145000,0.153000,0.145000,0.145000,0.145000,0.135000,0.135000,0.145000,0.114000,0.145000,0.145000,0.145000,0.145000,0.145000,0.145000,0.145000,0.145000,0.145000,0.145000
1594,0.145000,0.135000,0.135000,0.145000,0.145000,0.153000,0.145000,0.145000,0.145000,0.135000,0.135000,0.145000,0.114000,0.145000,0.145000,0.145000,0.145000,0.145000,0.145000,0.145000,0.145000,0.145000,0.145000
1595,0.145000,0.135000,0.135000,0.145000,0.145000,0.153000,0.145000,0.145000,0.145000,0.135000,0.135000,0.145000,0.114000,0.145000,0.145000,0.145000,0.145000,0.145000,0.145000,0.145000,0.145000,0.145000,0.145000
1596,0.145000,0.135000,0.135000,0.145000,0.145000,0.153000,0.145000,0.145000,0.145000,0.135000,0.135000,0.145000,0.114000,0.145000,0.145000,0.145000,0.145000,0.145000,0.145000,0.145000,0.145000,0.145000,0.145000
1597,0.145000,0.135000,0.135000,0.145000,0.145000,0.153000,0.145000,0.145000,0.145000,0.135000,0.135000,0.145000,0.114000,0.145000,0.145000,0.145000,0.145000,0.145000,0.145000,0.145000,0.145000,0.145000,0.145000
1598,0.145000,0.135000,0.135000,0.145000,0.145000,0.153000,0.145000,0.145000,0.145000,0.135000,0.135000,0.145000,0.114000,0.145000,0.145000,0.145000,0.145000,0.145000,0.145000,0.145000,0.145000,0.145000,0.145000
1599,0.145000,0.135000,0.135000,0.145000,0.145000,0.153000,0.145000,0.145000,0.145000,0.135000,0.135000,0.145000,0.114000,0.145000,0.145000,0.145000,0.145000,0.145000,0.145000,0.145000,0.145000,0.145000,0.145000
1600,0.145000,0.135000,0.135000,0.145000,0.145000,0.153000,0.145000,0.145000,0.145000,0.135000,0.135000,0.145000,0.114000,0.145000,0.145000,0.145000,0.145000,0.145000,0.145000,0.145000,0.145000,0.145000,0.145000
1601,0.145000,0.135000,0.135000,0.145000,0.145000,0.153000,0.145000,0.145000,0.145000,0.135000,0.135000,0.145000,0.114000,0.145000,0.145000,0.145000,0.145000,0.145000,0.145000,0.145000,0.145000,0.145000,0.145000
1602,0.145000,0.135000,0.135000,0.145000,0.145000,0.153000,0.145000,0.145000,0.145000,0.135000,0.135000,0.145000,0.114000,0.145000,0.145000,0.145000,0.145000,0.145000,0.145000,0.145000,0.145000,0.145000,0.145000
1603,0.145000,0.135000,0.135000,0.145000,0.145000,0.153000,0.145000,0.145000,0.145000,0.135000,0.135000,0.145000,0.114000,0.145000,0.145000,0.145000,0.145000,0.145000,0.145000,0.145000,0.145000,0.145000,0.145000
1604,0.145000,0.135000,0.135000,0.145000,0.145000,0.153000,0.145000,0.145000,0.145000,0.135000,0.135000,0.145000,0.114000,0.145000,0.145000,0.145000,0.145000,0.145000,0.145000,0.145000,0.145000,0.145000,0.145000
1605,0.145000,0.135000,0.135000,0.145000,0.145000,0.153000,0.145000,0.145000,0.145000,0.135000,0.135000,0.145000,0.114000,0.145000,0.145000,0.145000,0.145000,0.145000,0.145000,0.145000,0.145000,0.145000,0.145000
1606,0.145000,0.135000,0.135000,0.145000,0.145000,0.153000,0.145000,0.145000,0.145000,0.135000,0.135000,0.145000,0.114000,0.145000,0.145000,0.145000,0.145000,0.145000,0.145000,0.145000,0.145000,0.145000,0.145000
1607,0.145000,0.135000,0.135000,0.145000,0.145000,0.153000,0.145000,0.145000,0.145000,0.135000,0.135000,0.145000,0.114000,0.145000,0.145000,0.145000,0.145000,0.145000,0.145000,0.145000,0.145000,0.145000,0.145000
1608,0.145000,0.135000,0.135000,0.145000,0.145000,0.153000,0.145000,0.145000,0.145000,0.135000,0.135000,0.145000,0.114000,0.145000,0.145000,0.145000,0.145000,0.145000,0.145000,0.145000,0.145000,0.145000,0.145000
1609,0.145000,0.135000,0.135000,0.145000,0.145000,0.153000,0.145000,0.145000,0.145000,0.135000,0.135000,0.145000,0.114000,0.145000,0.145000,0.145000,0.145000,0.145000,0.145000,0.145000,0.145000,0.145000,0.145000
1610,0.145000,0.135000,0.135000,0.145000,0.145000,0.153000,0.145000,0.145000,0.145000,0.135000,0.135000,0.145000,0.114000,0.145000,0.145000,0.145000,0.145000,0.145000,0.145000,0.145000,0.145000,0.145000,0.145000
1611,0.145000,0.135000,0.135000,0.145000,0.145000,0.153000,0.145000,0.145000,0.145000,0.135000,0.135000,0.145000,0.114000,0.145000,0.145000,0.145000,0.145000,0.145000,0.145000,0.145000,0.145000,0.145000,0.145000
1612,0.145000,0.135000,0.135000,0.145000,0.145000,0.153000,0.145000,0.145000,0.145000,0.135000,0.135000,0.145000,0.114000,0.145000,0.145000,0.145000,0.145000,0.145000,0.145000,0.145000,0.145000,0.145000,0.145000
1613,0.145000,0.135000,0.135000,0.145000,0.145000,0.153000,0.145000,0.145000,0.145000,0.135000,0.135000,0.145000,0.114000,0.145000,0.145000,0.145000,0.145000,0.145000,0.145000,0.145000,0.145000,0.145000,0.145000
1614,0.145000,0.135000,0.135000,0.145000,0.145000,0.153000,0.145000,0.145000,0.145000,0.135000,0.135000,0.145000,0.114000,0.145000,0.145000,0.145000,0.145000,0.145000,0.145000,0.145000,0.145000,0.145000,0.145000
1615,0.145000,0.135000,0.135000,0.145000,0.145000,0.153000,0.145000,0.145000,0.145000,0.135000,0.135000,0.145000,0.114000,0.145000,0.145000,0.145000,0.145000,0.145000,0.145000,0.145000,0.145000,0.145000,0.145000
1616,0.145000,0.135000,0.135000,0.145000,0.145000,0.153000,0.145000,0.145000,0.145000,0.135000,0.135000,0.145000,0.114000,0.145000,0.145000,0.145000,0.145000,0.145000,0.145000,0.145000,0.145000,0.145000,0.145000
1617,0.145000,0.135000,0.135000,0.145000,0.145000,0.153000,0.145000,0.145000,0.145000,0.135000,0.135000,0.145000,0.114000,0.145000,0.145000,0.145000,0.145000,0.145000,0.145000,0.145000,0.145000,0.145000,0.145000
1618,0.145000,0.135000,0.135000,0.145000,0.145000,0.153000,0.145000,0.145000,0.145000,0.135000,0.135000,0.145000,0.114000,0.145000,0.145000,0.145000,0.145000,0.145000,0.145000,0.145000,0.145000,0.145000,0.145000
1619,0.145000,0.135000,0.135000,0.145000,0.145000,0.153000,0.145000,0.145000,0.145000,0.135000,0.135000,0.145000,0.114000,0.145000,0.145000,0.145000,0.145000,0.145000,0.145000,0.145000,0.145000,0.145000,0.145000
1620,0.145000,0.135000,0.135000,0.145000,0.145000,0.153000,0.145000,0.145000,0.145000,0.135000,0.135000,0.145000,0.114000,0.145000,0.145000,0.145000,0.145000,0.145000,0.145000,0.145000,0.145000,0.145000,0.145000
1621,0.145000,0.135000,0.135000,0.145000,0.145000,0.153000,0.145000,0.145000,0.145000,0.135000,0.135000,0.145000,0.114000,0.145000,0.145000,0.145000,0.145000,0.145000,0.145000,0.145000,0.145000,0.145000,0.145000
1622,0.145000,0.135000,0.135000,0.145000,0.145000,0.153000,0.145000,0.145000,0.145000,0.135000,0.135000,0.145000,0.114000,0.145000,0.145000,0.145000,0.145000,0.145000,0.145000,0.145000,0.145000,0.145000,0.145000
1623,0.145000,0.135000,0.135000,0.145000,0.145000,0.153000,0.145000,0.145000,0.145000,0.135000,0.135000,0.145000,0.114000,0.145000,0.145000,0.145000,0.145000,0.145000,0.145000,0.145000,0.145000,0.145000,0.145000
1624,0.145000,0.135000,0.135000,0.145000,0.145000,0.153000,0.145000,0.145000,0.145000,0.135000,0.135000,0.145000,0.114000,0.145000,0.145000,0.145000,0.145000,0.145000,0.145000,0.145000,0.145000,0.145000,0.145000
1625,0.145000,0.135000,0.135000,0.145000,0.145000,0.153000,0.145000,0.145000,0.145000,0.135000,0.135000,0.145000,0.114000,0.145000,0.145000,0.145000,0.145000,0.145000,0.145000,0.145000,0.145000,0.145000,0.145000
1626,0.145000,0.135000,0.135000,0.145000,0.145000,0.153000,0.145000,0.145000,0.145000,0.135000,0.135000,0.145000,0.114000,0.145000,0.145000,0.145000,0.145000,0.145000,0.145000,0.145000,0.145000,0.145000,0.145000
1627,0.145000,0.135000,0.135000,0.145000,0.145000,0.153000,0.145000,0.145000,0.145000,0.135000,0.135000,0.145000,0.114000,0.145000,0.145000,0.145000,0.145000,0.145000,0.145000,0.145000,0.145000,0.145000,0.145000
1628,0.145000,0.135000,0.135000,0.145000,0.145000,0.153000,0.145000,0.145000,0.145000,0.135000,0.135000,0.145000,0.114000,0.145000,0.145000,0.145000,0.145000,0.145000,0.145000,0.145000,0.145000,0.145000,0.145000
1629,0.145000,0.135000,0.135000,0.145000,0.145000,0.153000,0.145000,0.145000,0.145000,0.135000,0.135000,0.145000,0.114000,0.145000,0.145000,0.145000,0.145000,0.145000,0.145000,0.145000,0.145000,0.145000,0.145000
1630,0.145000,0.135000,0.135000,0.145000,0.145000,0.153000,0.145000,0.145000,0.145000,0.135000,0.135000,0.145000,0.114000,0.145000,0.145000,0.145000,0.145000,0.145000,0.145000,0.145000,0.145000,0.145000,0.145000
1631,0.145000,0.135000,0.135000,0.145000,0.145000,0.153000,0.145000,0.145000,0.145000,0.135000,0.135000,0.145000,0.114000,0.145000,0.145000,0.145000,0.145000,0.145000,0.145000,0.145000,0.145000,0.145000,0.145000
1632,0.145000,0.135000,0.135000,0.145000,0.145000,0.153000,0.145000,0.145000,0.145000,0.135000,0.135000,0.145000,0.114000,0.145000,0.145000,0.145000,0.145000,0.145000,0.145000,0.145000,0.145000,0.145000,0.145000
1633,0.145000,0.135000,0.135000,0.145000,0.145000,0.153000,0.145000,0.145000,0.145000,0.135000,0.135000,0.145000,0.114000,0.145000,0.145000,0.145000,0.145000,0.145000,0.145000,0.145000,0.145000,0.145000,0.145000
1634,0.145000,0.135000,0.135000,0.145000,0.145000,0.153000,0.145000,0.145000,0.145000,0.135000,0.135000,0.145000,0.114000,0.145000,0.145000,0.145000,0.145000,0.145000,0.145000,0.145000,0.145000,0.145000,0.145000
1635,0.145000,0.135000,0.135000,0.145000,0.145000,0.153000,0.145000,0.145000,0.145000,0.135000,0.135000,0.145000,0.114000,0.145000,0.145000,0.145000,0.145000,0.145000,0.145000,0.145000,0.145000,0.145000,0.145000
1636,0.145000,0.135000,0.135000,0.145000,0.145000,0.153000,0.145000,0.145000,0.145000,0.135000,0.135000,0.145000,0.114000,0.145000,0.145000,0.145000,0.145000,0.145000,0.145000,0.145000,0.145000,0.145000,0.145000
1637,0.145000,0.135000,0.135000,0.145000,0.145000,0.153000,0.145000,0.145000,0.145000,0.135000,0.135000,0.145000,0.114000,0.145000,0.145000,0.145000,0.145000,0.145000,0.145000,0.145000,0.145000,0.145000,0.145000
1638,0.145000,0.135000,0.135000,0.145000,0.145000,0.153000,0.145000,0.145000,0.145000,0.135000,0.135000,0.145000,0.114000,0.145000,0.145000,0.145000,0.145000,0.145000,0.145000,0.145000,0.145000,0.145000,0.145000
1639,0.145000,0.135000,0.135000,0.145000,0.145000,0.153000,0.145000,0.145000,0.145000,0.135000,0.135000,0.145000,0.114000,0.145000,0.145000,0.145000,0.145000,0.145000,0.145000,0.145000,0.145000,0.145000,0.145000
1640,0.145000,0.135000,0.135000,0.145000,0.145000,0.153000,0.145000,0.145000,0.145000,0.135000,0.135000,0.145000,0.114000,0.145000,0.145000,0.145000,0.145000,0.145000,0.145000,0.145000,0.145000,0.145000,0.145000
1641,0.145000,0.135000,0.135000,0.145000,0.145000,0.153000,0.145000,0.145000,0.145000,0.135000,0.135000,0.145000,0.114000,0.145000,0.145000,0.145000,0.145000,0.145000,0.145000,0.145000,0.145000,0.145000,0.145000
1642,0.145000,0.135000,0.135000,0.145000,0.145000,0.153000,0.145000,0.145000,0.145000,0.135000,0.135000,0.145000,0.114000,0.145000,0.145000,0.145000,0.145000,0.145000,0.145000,0.145000,0.145000,0.145000,0.145000
1643,0.145000,0.135000,0.135000,0.145000,0.145000,0.153000,0.145000,0.145000,0.145000,0.135000,0.135000,0.145000,0.114000,0.145000,0.145000,0.145000,0.145000,0.145000,0.145000,0.145000,0.145000,0.145000,0.145000
1644,0.145000,0.135000,0.135000,0.145000,0.145000,0.153000,0.145000,0.145000,0.145000,0.135000,0.135000,0.145000,0.114000,0.145000,0.145000,0.145000,0.145000,0.145000,0.145000,0.145000,0.145000,0.145000,0.145000
1645,0.145000,0.135000,0.135000,0.145000,0.145000,0.153000,0.145000,0.145000,0.145000,0.135000,0.135000,0.145000,0.114000,0.145000,0.145000,0.145000,0.145000,0.145000,0.145000,0.145000,0.145000,0.145000,0.145000
1646,0.145000,0.135000,0.135000,0.145000,0.145000,0.153000,0.145000,0.145000,0.145000,0.135000,0.135000,0.145000,0.114000,0.145000,0.145000,0.145000,0.145000,0.145000,0.145000,0.145000,0.145000,0.145000,0.145000
1647,0.145000,0.135000,0.135000,0.145000,0.145000,0.153000,0.145000,0.145000,0.145000,0.135000,0.135000,0.145000,0.114000,0.145000,0.145000,0.145000,0.145000,0.145000,0.145000,0.145000,0.145000,0.145000,0.145000
1648,0.145000,0.135000,0.135000,0.145000,0.145000,0.153000,0.145000,0.145000,0.145000,0.135000,0.135000,0.145000,0.114000,0.145000,0.145000,0.145000,0.145000,0.145000,0.145000,0.145000,0.145000,0.145000,0.145000
1649,0.145000,0.135000,0.135000,0.145000,0.145000,0.153000,0.145000,0.145000,0.145000,0.135000,0.135000,0.145000,0.114000,0.145000,0.145000,0.145000,0.145000,0.145000,0.145000,0.145000,0.145000,0.145000,0.145000
1650,0.145000,0.135000,0.135000,0.145000,0.145000,0.153000,0.145000,0.145000,0.145000,0.135000,0.135000,0.145000,0.114000,0.145000,0.145000,0.145000,0.145000,0.145000,0.145000,0.145000,0.145000,0.145000,0.145000
1651,0.145000,0.135000,0.135000,0.145000,0.145000,0.153000,0.145000,0.145000,0.145000,0.135000,0.135000,0.145000,0.114000,0.145000,0.145000,0.145000,0.145000,0.145000,0.145000,0.145000,0.145000,0.145000,0.145000
1652,0.145000,0.135000,0.135000,0.145000,0.145000,0.153000,0.145000,0.145000,0.145000,0.135000,0.135000,0.145000,0.114000,0.145000,0.145000,0.145000,0.145000,0.145000,0.145000,0.145000,0.145000,0.145000,0.145000
1653,0.145000,0.135000,0.135000,0.145000,0.145000,0.153000,0.145000,0.145000,0.145000,0.135000,0.135000,0.145000,0.114000,0.145000,0.145000,0.145000,0.145000,0.145000,0.145000,0.145000,0.145000,0.145000,0.145000
1654,0.145000,0.135000,0.135000,0.145000,0.145000,0.153000,0.145000,0.145000,0.145000,0.135000,0.135000,0.145000,0.114000,0.145000,0.145000,0.145000,0.145000,0.145000,0.145000,0.145000,0.145000,0.145000,0.145000
1655,0.145000,0.135000,0.135000,0.145000,0.145000,0.153000,0.145000,0.145000,0.145000,0.135000,0.135000,0.145000,0.114000,0.145000,0.145000,0.145000,0.145000,0.145000,0.145000,0.145000,0.145000,0.145000,0.145000
1656,0.145000,0.135000,0.135000,0.145000,0.145000,0.153000,0.145000,0.145000,0.145000,0.135000,0.135000,0.145000,0.114000,0.145000,0.145000,0.145000,0.145000,0.145000,0.145000,0.145000,0.145000,0.145000,0.145000
1657,0.145000,0.135000,0.135000,0.145000,0.145000,0.153000,0.145000,0.145000,0.145000,0.135000,0.135000,0.145000,0.114000,0.145000,0.145000,0.145000,0.145000,0.145000,0.145000,0.145000,0.145000,0.145000,0.145000
1658,0.145000,0.135000,0.135000,0.145000,0.145000,0.153000,0.145000,0.145000,0.145000,0.135000,0.135000,0.145000,0.114000,0.145000,0.145000,0.145000,0.145000,0.145000,0.145000,0.145000,0.145000,0.145000,0.145000
1659,0.145000,0.135000,0.135000,0.145000,0.145000,0.153000,0.145000,0.145000,0.145000,0.135000,0.135000,0.145000,0.114000,0.145000,0.145000,0.145000,0.145000,0.145000,0.145000,0.145000,0.145000,0.145000,0.145000
1660,0.145000,0.135000,0.135000,0.145000,0.145000,0.153000,0.145000,0.145000,0.145000,0.135000,0.135000,0.145000,0.114000,0.145000,0.145000,0.145000,0.145000,0.145000,0.145000,0.145000,0.145000,0.145000,0.145000
1661,0.145000,0.135000,0.135000,0.145000,0.145000,0.153000,0.145000,0.145000,0.145000,0.135000,0.135000,0.145000,0.114000,0.145000,0.145000,0.145000,0.145000,0.145000,0.145000,0.145000,0.145000,0.145000,0.145000
1662,0.145000,0.135000,0.135000,0.145000,0.145000,0.153000,0.145000,0.145000,0.145000,0.135000,0.135000,0.145000,0.114000,0.145000,0.145000,0.145000,0.145000,0.145000,0.145000,0.145000,0.145000,0.145000,0.145000
1663,0.145000,0.135000,0.135000,0.145000,0.145000,0.153000,0.145000,0.145000,0.145000,0.135000,0.135000,0.145000,0.114000,0.145000,0.145000,0.145000,0.145000,0.145000,0.145000,0.145000,0.145000,0.145000,0.145000
1664,0.145000,0.135000,0.135000,0.145000,0.145000,0.153000,0.145000,0.145000,0.145000,0.135000,0.135000,0.145000,0.114000,0.145000,0.145000,0.145000,0.145000,0.145000,0.145000,0.145000,0.145000,0.145000,0.145000
1665,0.145000,0.135000,0.135000,0.145000,0.145000,0.153000,0.145000,0.145000,0.145000,0.135000,0.135000,0.145000,0.114000,0.145000,0.145000,0.145000,0.145000,0.145000,0.145000,0.145000,0.145000,0.145000,0.145000
1666,0.145000,0.135000,0.135000,0.145000,0.145000,0.153000,0.145000,0.145000,0.145000,0.135000,0.135000,0.145000,0.114000,0.145000,0.145000,0.145000,0.145000,0.145000,0.145000,0.145000,0.145000,0.145000,0.145000
1667,0.145000,0.135000,0.135000,0.145000,0.145000,0.153000,0.145000,0.145000,0.145000,0.135000,0.135000,0.145000,0.114000,0.145000,0.145000,0.145000,0.145000,0.145000,0.145000,0.145000,0.145000,0.145000,0.145000
1668,0.145000,0.135000,0.135000,0.145000,0.145000,0.153000,0.145000,0.145000,0.145000,0.135000,0.135000,0.145000,0.114000,0.145000,0.145000,0.145000,0.145000,0.145000,0.145000,0.145000,0.145000,0.145000,0.145000
1669,0.145000,0.135000,0.135000,0.145000,0.145000,0.153000,0.145000,0.145000,0.145000,0.135000,0.135000,0.145000,0.114000,0.145000,0.145000,0.145000,0.145000,0.145000,0.145000,0.145000,0.145000,0.145000,0.145000
1670,0.145000,0.135000,0.135000,0.145000,0.145000,0.153000,0.145000,0.145000,0.145000,0.135000,0.135000,0.145000,0.114000,0.145000,0.145000,0.145000,0.145000,0.145000,0.145000,0.145000,0.145000,0.145000,0.145000
1671,0.145000,0.135000,0.135000,0.145000,0.145000,0.153000,0.145000,0.145000,0.145000,0.135000,0.135000,0.145000,0.114000,0.145000,0.145000,0.145000,0.145000,0.145000,0.145000,0.145000,0.145000,0.145000,0.145000
1672,0.145000,0.135000,0.135000,0.145000,0.145000,0.153000,0.145000,0.145000,0.145000,0.135000,0.135000,0.145000,0.114000,0.145000,0.145000,0.145000,0.145000,0.145000,0.145000,0.145000,0.145000,0.145000,0.145000
1673,0.145000,0.135000,0.135000,0.145000,0.145000,0.153000,0.145000,0.145000,0.145000,0.135000,0.135000,0.145000,0.114000,0.145000,0.145000,0.145000,0.145000,0.145000,0.145000,0.145000,0.145000,0.145000,0.145000
1674,0.145000,0.135000,0.135000,0.145000,0.145000,0.153000,0.145000,0.145000,0.145000,0.135000,0.135000,0.145000,0.114000,0.145000,0.145000,0.145000,0.145000,0.145000,0.145000,0.145000,0.145000,0.145000,0.145000
1675,0.145000,0.135000,0.135000,0.145000,0.145000,0.153000,0.145000,0.145000,0.145000,0.135000,0.135000,0.145000,0.114000,0.145000,0.145000,0.145000,0.145000,0.145000,0.145000,0.145000,0.145000,0.145000,0.145000
1676,0.145000,0.135000,0.135000,0.145000,0.145000,0.153000,0.145000,0.145000,0.145000,0.135000,0.135000,0.145000,0.114000,0.145000,0.145000,0.145000,0.145000,0.145000,0.145000,0.145000,0.145000,0.145000,0.145000
1677,0.145000,0.135000,0.135000,0.145000,0.145000,0.153000,0.145000,0.145000,0.145000,0.135000,0.135000,0.145000,0.114000,0.145000,0.145000,0.145000,0.145000,0.145000,0.145000,0.145000,0.145000,0.145000,0.145000
1678,0.145000,0.135000,0.135000,0.145000,0.145000,0.153000,0.145000,0.145000,0.145000,0.135000,0.135000,0.145000,0.114000,0.145000,0.145000,0.145000,0.145000,0.145000,0.145000,0.145000,0.145000,0.145000,0.145000
1679,0.145000,0.135000,0.135000,0.145000,0.145000,0.153000,0.145000,0.145000,0.145000,0.135000,0.135000,0.145000,0.114000,0.145000,0.145000,0.145000,0.145000,0.145000,0.145000,0.145000,0.145000,0.145000,0.145000
1680,0.145000,0.135000,0.135000,0.145000,0.145000,0.153000,0.145000,0.145000,0.145000,0.135000,0.135000,0.145000,0.114000,0.145000,0.145000,0.145000,0.145000,0.145000,0.145000,0.145000,0.145000,0.145000,0.145000
1681,0.145000,0.135000,0.135000,0.145000,0.145000,0.153000,0.145000,0.145000,0.145000,0.135000,0.135000,0.145000,0.114000,0.145000,0.145000,0.145000,0.145000,0.145000,0.145000,0.145000,0.145000,0.145000,0.145000
1682,0.145000,0.135000,0.135000,0.145000,0.145000,0.153000,0.145000,0.145000,0.145000,0.135000,0.135000,0.145000,0.114000,0.145000,0.145000,0.145000,0.145000,0.145000,0.145000,0.145000,0.145000,0.145000,0.145000
1683,0.145000,0.135000,0.135000,0.145000,0.145000,0.153000,0.145000,0.145000,0.145000,0.135000,0.135000,0.145000,0.114000,0.145000,0.145000,0.145000,0.145000,0.145000,0.145000,0.145000,0.145000,0.145000,0.145000
1684,0.145000,0.135000,0.135000,0.145000,0.145000,0.153000,0.145000,0.145000,0.145000,0.135000,0.135000,0.145000,0.114000,0.145000,0.145000,0.145000,0.145000,0.145000,0.145000,0.145000,0.145000,0.145000,0.145000
1685,0.145000,0.135000,0.135000,0.145000,0.145000,0.153000,0.145000,0.145000,0.145000,0.135000,0.135000,0.145000,0.114000,0.145000,0.145000,0.145000,0.145000,0.145000,0.145000,0.145000,0.145000,0.145000,0.145000
1686,0.145000,0.135000,0.135000,0.145000,0.145000,0.153000,0.145000,0.145000,0.145000,0.135000,0.135000,0.145000,0.114000,0.145000,0.145000,0.145000,0.145000,0.145000,0.145000,0.145000,0.145000,0.145000,0.145000
1687,0.145000,0.135000,0.135000,0.145000,0.145000,0.153000,0.145000,0.145000,0.145000,0.135000,0.135000,0.145000,0.114000,0.145000,0.145000,0.145000,0.145000,0.145000,0.145000,0.145000,0.145000,0.145000,0.145000
1688,0.145000,0.135000,0.135000,0.145000,0.145000,0.153000,0.145000,0.145000,0.145000,0.135000,0.135000,0.145000,0.114000,0.145000,0.145000,0.145000,0.145000,0.145000,0.145000,0.145000,0.145000,0.145000,0.145000
1689,0.145000,0.135000,0.135000,0.145000,0.145000,0.153000,0.145000,0.145000,0.145000,0.135000,0.135000,0.145000,0.114000,0.145000,0.145000,0.145000,0.145000,0.145000,0.145000,0.145000,0.145000,0.145000,0.145000
1690,0.145000,0.135000,0.135000,0.145000,0.145000,0.153000,0.145000,0.145000,0.145000,0.135000,0.135000,0.145000,0.114000,0.145000,0.145000,0.145000,0.145000,0.145000,0.145000,0.145000,0.145000,0.145000,0.145000
1691,0.145000,0.135000,0.135000,0.145000,0.145000,0.153000,0.145000,0.145000,0.145000,0.135000,0.135000,0.145000,0.114000,0.145000,0.145000,0.145000,0.145000,0.145000,0.145000,0.145000,0.145000,0.145000,0.145000
1692,0.145000,0.135000,0.135000,0.145000,0.145000,0.153000,0.145000,0.145000,0.145000,0.135000,0.135000,0.145000,0.114000,0.145000,0.145000,0.145000,0.145000,0.145000,0.145000,0.145000,0.145000,0.145000,0.145000
1693,0.145000,0.135000,0.135000,0.145000,0.145000,0.153000,0.145000,0.145000,0.145000,0.135000,0.135000,0.145000,0.114000,0.145000,0.145000,0.145000,0.145000,0.145000,0.145000,0.145000,0.145000,0.145000,0.145000
1694,0.145000,0.135000,0.135000,0.145000,0.145000,0.153000,0.145000,0.145000,0.145000,0.135000,0.135000,0.145000,0.114000,0.145000,0.145000,0.145000,0.145000,0.145000,0.145000,0.145000,0.145000,0.145000,0.145000
1695,0.145000,0.135000,0.135000,0.145000,0.145000,0.153000,0.145000,0.145000,0.145000,0.135000,0.135000,0.145000,0.114000,0.145000,0.145000,0.145000,0.145000,0.145000,0.145000,0.145000,0.145000,0.145000,0.145000
1696,0.145000,0.135000,0.135000,0.145000,0.145000,0.153000,0.145000,0.145000,0.145000,0.135000,0.135000,0.145000,0.114000,0.145000,0.145000,0.145000,0.145000,0.145000,0.145000,0.145000,0.145000,0.145000,0.145000
1697,0.145000,0.135000,0.135000,0.145000,0.145000,0.153000,0.145000,0.145000,0.145000,0.135000,0.135000,0.145000,0.114000,0.145000,0.145000,0.145000,0.145000,0.145000,0.145000,0.145000,0.145000,0.145000,0.145000
1698,0.145000,0.135000,0.135000,0.145000,0.145000,0.153000,0.145000,0.145000,0.145000,0.135000,0.135000,0.145000,0.114000,0.145000,0.145000,0.145000,0.145000,0.145000,0.145000,0.145000,0.145000,0.145000,0.145000
1699,0.145000,0.135000,0.135000,0.145000,0.145000,0.153000,0.145000,0.145000,0.145000,0.135000,0.135000,0.145000,0.114000,0.145000,0.145000,0.145000,0.145000,0.145000,0.145000,0.145000,0.145000,0.145000,0.145000
1700,0.145000,0.135000,0.135000,0.145000,0.145000,0.153000,0.145000,0.145000,0.145000,0.135000,0.135000,0.145000,0.114000,0.145000,0.145000,0.145000,0.145000,0.145000,0.145000,0.145000,0.145000,0.145000,0.145000
1701,0.145000,0.135000,0.135000,0.145000,0.145000,0.153000,0.145000,0.145000,0.145000,0.135000,0.135000,0.145000,0.114000,0.145000,0.145000,0.145000,0.145000,0.145000,0.145000,0.145000,0.145000,0.145000,0.145000
1702,0.145000,0.135000,0.135000,0.145000,0.145000,0.153000,0.145000,0.145000,0.145000,0.135000,0.135000,0.145000,0.114000,0.145000,0.145000,0.145000,0.145000,0.145000,0.145000,0.145000,0.145000,0.145000,0.145000
1703,0.145000,0.135000,0.135000,0.145000,0.145000,0.153000,0.145000,0.145000,0.145000,0.135000,0.135000,0.145000,0.114000,0.145000,0.145000,0.145000,0.145000,0.145000,0.145000,0.145000,0.145000,0.145000,0.145000
1704,0.145000,0.135000,0.135000,0.145000,0.145000,0.153000,0.145000,0.145000,0.145000,0.135000,0.135000,0.145000,0.114000,0.145000,0.145000,0.145000,0.145000,0.145000,0.145000,0.145000,0.145000,0.145000,0.145000
1705,0.145000,0.135000,0.135000,0.145000,0.145000,0.153000,0.145000,0.145000,0.145000,0.135000,0.135000,0.145000,0.114000,0.145000,0.145000,0.145000,0.145000,0.145000,0.145000,0.145000,0.145000,0.145000,0.145000
1706,0.145000,0.135000,0.135000,0.145000,0.145000,0.153000,0.145000,0.145000,0.145000,0.135000,0.135000,0.145000,0.114000,0.145000,0.145000,0.145000,0.145000,0.145000,0.145000,0.145000,0.145000,0.145000,0.145000
1707,0.145000,0.135000,0.135000,0.145000,0.145000,0.153000,0.145000,0.145000,0.145000,0.135000,0.135000,0.145000,0.114000,0.145000,0.145000,0.145000,0.145000,0.145000,0.145000,0.145000,0.145000,0.145000,0.145000
1708,0.145000,0.135000,0.135000,0.145000,0.145000,0.153000,0.145000,0.145000,0.145000,0.135000,0.135000,0.145000,0.114000,0.145000,0.145000,0.145000,0.145000,0.145000,0.145000,0.145000,0.145000,0.145000,0.145000
1709,0.145000,0.135000,0.135000,0.145000,0.145000,0.153000,0.145000,0.145000,0.145000,0.135000,0.135000,0.145000,0.114000,0.145000,0.145000,0.145000,0.145000,0.145000,0.145000,0.145000,0.145000,0.145000,0.145000
1710,0.145000,0.135000,0.135000,0.145000,0.145000,0.153000,0.145000,0.145000,0.145000,0.135000,0.135000,0.145000,0.114000,0.145000,0.145000,0.145000,0.145000,0.145000,0.145000,0.145000,0.145000,0.145000,0.145000
1711,0.145000,0.135000,0.135000,0.145000,0.145000,0.153000,0.145000,0.145000,0.145000,0.135000,0.135000,0.145000,0.114000,0.145000,0.145000,0.145000,0.145000,0.145000,0.145000,0.145000,0.145000,0.145000,0.145000
1712,0.145000,0.135000,0.135000,0.145000,0.145000,0.153000,0.145000,0.145000,0.145000,0.135000,0.135000,0.145000,0.114000,0.145000,0.145000,0.145000,0.145000,0.145000,0.145000,0.145000,0.145000,0.145000,0.145000
1713,0.145000,0.135000,0.135000,0.145000,0.145000,0.153000,0.145000,0.145000,0.145000,0.135000,0.135000,0.145000,0.114000,0.145000,0.145000,0.145000,0.145000,0.145000,0.145000,0.145000,0.145000,0.145000,0.145000
1714,0.145000,0.135000,0.135000,0.145000,0.145000,0.153000,0.145000,0.145000,0.145000,0.135000,0.135000,0.145000,0.114000,0.145000,0.145000,0.145000,0.145000,0.145000,0.145000,0.145000,0.145000,0.145000,0.145000
1715,0.145000,0.135000,0.135000,0.145000,0.145000,0.153000,0.145000,0.145000,0.145000,0.135000,0.135000,0.145000,0.114000,0.145000,0.145000,0.145000,0.145000,0.145000,0.145000,0.145000,0.145000,0.145000,0.145000
1716,0.145000,0.135000,0.135000,0.145000,0.145000,0.153000,0.145000,0.145000,0.145000,0.135000,0.135000,0.145000,0.114000,0.145000,0.145000,0.145000,0.145000,0.145000,0.145000,0.145000,0.145000,0.145000,0.145000
1717,0.145000,0.135000,0.135000,0.145000,0.145000,0.153000,0.145000,0.145000,0.145000,0.135000,0.135000,0.145000,0.114000,0.145000,0.145000,0.145000,0.145000,0.145000,0.145000,0.145000,0.145000,0.145000,0.145000
1718,0.145000,0.135000,0.135000,0.145000,0.145000,0.153000,0.145000,0.145000,0.145000,0.135000,0.135000,0.145000,0.114000,0.145000,0.145000,0.145000,0.145000,0.145000,0.145000,0.145000,0.145000,0.145000,0.145000
1719,0.145000,0.135000,0.135000,0.145000,0.145000,0.153000,0.145000,0.145000,0.145000,0.135000,0.135000,0.145000,0.114000,0.145000,0.145000,0.145000,0.145000,0.145000,0.145000,0.145000,0.145000,0.145000,0.145000
1720,0.145000,0.135000,0.135000,0.145000,0.145000,0.153000,0.145000,0.145000,0.145000,0.135000,0.135000,0.145000,0.114000,0.145000,0.145000,0.145000,0.145000,0.145000,0.145000,0.145000,0.145000,0.145000,0.145000
1721,0.145000,0.135000,0.135000,0.145000,0.145000,0.153000,0.145000,0.145000,0.145000,0.135000,0.135000,0.145000,0.114000,0.145000,0.145000,0.145000,0.145000,0.145000,0.145000,0.145000,0.145000,0.145000,0.145000
1722,0.145000,0.135000,0.135000,0.145000,0.145000,0.153000,0.145000,0.145000,0.145000,0.135000,0.135000,0.145000,0.114000,0.145000,0.145000,0.145000,0.145000,0.145000,0.145000,0.145000,0.145000,0.145000,0.145000
1723,0.145000,0.135000,0.135000,0.145000,0.145000,0.153000,0.145000,0.145000,0.145000,0.135000,0.135000,0.145000,0.114000,0.145000,0.145000,0.145000,0.145000,0.145000,0.145000,0.145000,0.145000,0.145000,0.145000
1724,0.145000,0.135000,0.135000,0.145000,0.145000,0.153000,0.145000,0.145000,0.145000,0.135000,0.135000,0.145000,0.114000,0.145000,0.145000,0.145000,0.145000,0.145000,0.145000,0.145000,0.145000,0.145000,0.145000
1725,0.145000,0.135000,0.135000,0.145000,0.145000,0.153000,0.145000,0.145000,0.145000,0.135000,0.135000,0.145000,0.114000,0.145000,0.145000,0.145000,0.145000,0.145000,0.145000,0.145000,0.145000,0.145000,0.145000
1726,0.145000,0.135000,0.135000,0.145000,0.145000,0.153000,0.145000,0.145000,0.145000,0.135000,0.135000,0.145000,0.114000,0.145000,0.145000,0.145000,0.145000,0.145000,0.145000,0.145000,0.145000,0.145000,0.145000
1727,0.145000,0.135000,0.135000,0.145000,0.145000,0.153000,0.145000,0.145000,0.145000,0.135000,0.135000,0.145000,0.114000,0.145000,0.145000,0.145000,0.145000,0.145000,0.145000,0.145000,0.145000,0.145000,0.145000
1728,0.145000,0.135000,0.135000,0.145000,0.145000,0.153000,0.145000,0.145000,0.145000,0.135000,0.135000,0.145000,0.114000,0.145000,0.145000,0.145000,0.145000,0.145000,0.145000,0.145000,0.145000,0.145000,0.145000
1729,0.145000,0.135000,0.135000,0.145000,0.145000,0.153000,0.145000,0.145000,0.145000,0.135000,0.135000,0.145000,0.114000,0.145000,0.145000,0.145000,0.145000,0.145000,0.145000,0.145000,0.145000,0.145000,0.145000
1730,0.145000,0.135000,0.135000,0.145000,0.145000,0.153000,0.145000,0.145000,0.145000,0.135000,0.135000,0.145000,0.114000,0.145000,0.145000,0.145000,0.145000,0.145000,0.145000,0.145000,0.145000,0.145000,0.145000
1731,0.145000,0.135000,0.135000,0.145000,0.145000,0.153000,0.145000,0.145000,0.145000,0.135000,0.135000,0.145000,0.114000,0.145000,0.145000,0.145000,0.145000,0.145000,0.145000,0.145000,0.145000,0.145000,0.145000
1732,0.145000,0.135000,0.135000,0.145000,0.145000,0.153000,0.145000,0.145000,0.145000,0.135000,0.135000,0.145000,0.114000,0.145000,0.145000,0.145000,0.145000,0.145000,0.145000,0.145000,0.145000,0.145000,0.145000
1733,0.145000,0.135000,0.135000,0.145000,0.145000,0.153000,0.145000,0.145000,0.145000,0.135000,0.135000,0.145000,0.114000,0.145000,0.145000,0.145000,0.145000,0.145000,0.145000,0.145000,0.145000,0.145000,0.145000
1734,0.145000,0.135000,0.135000,0.145000,0.145000,0.153000,0.145000,0.145000,0.145000,0.135000,0.135000,0.145000,0.114000,0.145000,0.145000,0.145000,0.145000,0.145000,0.145000,0.145000,0.145000,0.145000,0.145000
1735,0.145000,0.135000,0.135000,0.145000,0.145000,0.153000,0.145000,0.145000,0.145000,0.135000,0.135000,0.145000,0.114000,0.145000,0.145000,0.145000,0.145000,0.145000,0.145000,0.145000,0.145000,0.145000,0.145000
1736,0.145000,0.135000,0.135000,0.145000,0.145000,0.153000,0.145000,0.145000,0.145000,0.135000,0.135000,0.145000,0.114000,0.145000,0.145000,0.145000,0.145000,0.145000,0.145000,0.145000,0.145000,0.145000,0.145000
1737,0.145000,0.135000,0.135000,0.145000,0.145000,0.153000,0.145000,0.145000,0.145000,0.135000,0.135000,0.145000,0.114000,0.145000,0.145000,0.145000,0.145000,0.145000,0.145000,0.145000,0.145000,0.145000,0.145000
1738,0.145000,0.135000,0.135000,0.145000,0.145000,0.153000,0.145000,0.145000,0.145000,0.135000,0.135000,0.145000,0.114000,0.145000,0.145000,0.145000,0.145000,0.145000,0.145000,0.145000,0.145000,0.145000,0.145000
1739,0.145000,0.135000,0.135000,0.145000,0.145000,0.153000,0.145000,0.145000,0.145000,0.135000,0.135000,0.145000,0.114000,0.145000,0.145000,0.145000,0.145000,0.145000,0.145000,0.145000,0.145000,0.145000,0.145000
1740,0.145000,0.135000,0.135000,0.145000,0.145000,0.153000,0.145000,0.145000,0.145000,0.135000,0.135000,0.145000,0.114000,0.145000,0.145000,0.145000,0.145000,0.145000,0.145000,0.145000,0.145000,0.145000,0.145000
1741,0.145000,0.135000,0.135000,0.145000,0.145000,0.153000,0.145000,0.145000,0.145000,0.135000,0.135000,0.145000,0.114000,0.145000,0.145000,0.145000,0.145000,0.145000,0.145000,0.145000,0.145000,0.145000,0.145000
1742,0.145000,0.135000,0.135000,0.145000,0.145000,0.153000,0.145000,0.145000,0.145000,0.135000,0.135000,0.145000,0.114000,0.145000,0.145000,0.145000,0.145000,0.145000,0.145000,0.145000,0.145000,0.145000,0.145000
1743,0.145000,0.135000,0.135000,0.145000,0.145000,0.153000,0.145000,0.145000,0.145000,0.135000,0.135000,0.145000,0.114000,0.145000,0.145000,0.145000,0.145000,0.145000,0.145000,0.145000,0.145000,0.145000,0.145000
1744,0.145000,0.135000,0.135000,0.145000,0.145000,0.153000,0.145000,0.145000,0.145000,0.135000,0.135000,0.145000,0.114000,0.145000,0.145000,0.145000,0.145000,0.145000,0.145000,0.145000,0.145000,0.145000,0.145000
1745,0.145000,0.135000,0.135000,0.145000,0.145000,0.153000,0.145000,0.145000,0.145000,0.135000,0.135000,0.145000,0.114000,0.145000,0.145000,0.145000,0.145000,0.145000,0.145000,0.145000,0.145000,0.145000,0.145000
1746,0.145000,0.135000,0.135000,0.145000,0.145000,0.153000,0.145000,0.145000,0.145000,0.135000,0.135000,0.145000,0.114000,0.145000,0.145000,0.145000,0.145000,0.145000,0.145000,0.145000,0.145000,0.145000,0.145000
1747,0.145000,0.135000,0.135000,0.145000,0.145000,0.153000,0.145000,0.145000,0.145000,0.135000,0.135000,0.145000,0.114000,0.145000,0.145000,0.145000,0.145000,0.145000,0.145000,0.145000,0.145000,0.145000,0.145000
1748,0.145000,0.135000,0.135000,0.145000,0.145000,0.153000,0.145000,0.145000,0.145000,0.135000,0.135000,0.145000,0.114000,0.145000,0.145000,0.145000,0.145000,0.145000,0.145000,0.145000,0.145000,0.145000,0.145000
1749,0.145000,0.135000,0.135000,0.145000,0.145000,0.153000,0.145000,0.145000,0.145000,0.135000,0.135000,0.145000,0.114000,0.145000,0.145000,0.145000,0.145000,0.145000,0.145000,0.145000,0.145000,0.145000,0.145000
1750,0.145000,0.135000,0.135000,0.145000,0.145000,0.153000,0.145000,0.145000,0.145000,0.135000,0.135000,0.145000,0.114000,0.145000,0.145000,0.145000,0.145000,0.145000,0.145000,0.145000,0.145000,0.145000,0.145000
1751,0.145000,0.135000,0.135000,0.145000,0.145000,0.153000,0.145000,0.145000,0.145000,0.135000,0.135000,0.145000,0.114000,0.145000,0.145000,0.145000,0.145000,0.145000,0.145000,0.145000,0.145000,0.145000,0.145000
1752,0.145000,0.135000,0.135000,0.145000,0.145000,0.153000,0.145000,0.145000,0.145000,0.135000,0.135000,0.145000,0.114000,0.145000,0.145000,0.145000,0.145000,0.145000,0.145000,0.145000,0.145000,0.145000,0.145000
1753,0.145000,0.135000,0.135000,0.145000,0.145000,0.153000,0.145000,0.145000,0.145000,0.135000,0.135000,0.145000,0.114000,0.145000,0.145000,0.145000,0.145000,0.145000,0.145000,0.145000,0.145000,0.145000,0.145000
1754,0.145000,0.135000,0.135000,0.145000,0.145000,0.153000,0.145000,0.145000,0.145000,0.135000,0.135000,0.145000,0.114000,0.145000,0.145000,0.145000,0.145000,0.145000,0.145000,0.145000,0.145000,0.145000,0.145000
1755,0.145000,0.135000,0.135000,0.145000,0.145000,0.153000,0.145000,0.145000,0.145000,0.135000,0.135000,0.145000,0.114000,0.145000,0.145000,0.145000,0.145000,0.145000,0.145000,0.145000,0.145000,0.145000,0.145000
1756,0.145000,0.135000,0.135000,0.145000,0.145000,0.153000,0.145000,0.145000,0.145000,0.135000,0.135000,0.145000,0.114000,0.145000,0.145000,0.145000,0.145000,0.145000,0.145000,0.145000,0.145000,0.145000,0.145000
1757,0.145000,0.135000,0.135000,0.145000,0.145000,0.153000,0.145000,0.145000,0.145000,0.135000,0.135000,0.145000,0.114000,0.145000,0.145000,0.145000,0.145000,0.145000,0.145000,0.145000,0.145000,0.145000,0.145000
1758,0.145000,0.135000,0.135000,0.145000,0.145000,0.153000,0.145000,0.145000,0.145000,0.135000,0.135000,0.145000,0.114000,0.145000,0.145000,0.145000,0.145000,0.145000,0.145000,0.145000,0.145000,0.145000,0.145000
1759,0.145000,0.135000,0.135000,0.145000,0.145000,0.153000,0.145000,0.145000,0.145000,0.135000,0.135000,0.145000,0.114000,0.145000,0.145000,0.145000,0.145000,0.145000,0.145000,0.145000,0.145000,0.145000,0.145000
1760,0.145000,0.135000,0.135000,0.145000,0.145000,0.153000,0.145000,0.145000,0.145000,0.135000,0.135000,0.145000,0.114000,0.145000,0.145000,0.145000,0.145000,0.145000,0.145000,0.145000,0.145000,0.145000,0.145000
1761,0.145000,0.135000,0.135000,0.145000,0.145000,0.153000,0.145000,0.145000,0.145000,0.135000,0.135000,0.145000,0.114000,0.145000,0.145000,0.145000,0.145000,0.145000,0.145000,0.145000,0.145000,0.145000,0.145000
1762,0.145000,0.135000,0.135000,0.145000,0.145000,0.153000,0.145000,0.145000,0.145000,0.135000,0.135000,0.145000,0.114000,0.145000,0.145000,0.145000,0.145000,0.145000,0.145000,0.145000,0.145000,0.145000,0.145000
1763,0.145000,0.135000,0.135000,0.145000,0.145000,0.153000,0.145000,0.145000,0.145000,0.135000,0.135000,0.145000,0.114000,0.145000,0.145000,0.145000,0.145000,0.145000,0.145000,0.145000,0.145000,0.145000,0.145000
1764,0.145000,0.135000,0.135000,0.145000,0.145000,0.153000,0.145000,0.145000,0.145000,0.135000,0.135000,0.145000,0.114000,0.145000,0.145000,0.145000,0.145000,0.145000,0.145000,0.145000,0.145000,0.145000,0.145000
1765,0.145000,0.135000,0.135000,0.145000,0.145000,0.153000,0.145000,0.145000,0.145000,0.135000,0.135000,0.145000,0.114000,0.145000,0.145000,0.145000,0.145000,0.145000,0.145000,0.145000,0.145000,0.145000,0.145000
1766,0.145000,0.135000,0.135000,0.145000,0.145000,0.153000,0.145000,0.145000,0.145000,0.135000,0.135000,0.145000,0.114000,0.145000,0.145000,0.145000,0.145000,0.145000,0.145000,0.145000,0.145000,0.145000,0.145000
1767,0.145000,0.135000,0.135000,0.145000,0.145000,0.153000,0.145000,0.145000,0.145000,0.135000,0.135000,0.145000,0.114000,0.145000,0.145000,0.145000,0.145000,0.145000,0.145000,0.145000,0.145000,0.145000,0.145000
1768,0.145000,0.135000,0.135000,0.145000,0.145000,0.153000,0.145000,0.145000,0.145000,0.135000,0.135000,0.145000,0.114000,0.145000,0.145000,0.145000,0.145000,0.145000,0.145000,0.145000,0.145000,0.145000,0.145000
1769,0.145000,0.135000,0.135000,0.145000,0.145000,0.153000,0.145000,0.145000,0.145000,0.135000,0.135000,0.145000,0.114000,0.145000,0.145000,0.145000,0.145000,0.145000,0.145000,0.145000,0.145000,0.145000,0.145000
1770,0.145000,0.135000,0.135000,0.145000,0.145000,0.153000,0.145000,0.145000,0.145000,0.135000,0.135000,0.145000,0.114000,0.145000,0.145000,0.145000,0.145000,0.145000,0.145000,0.145000,0.145000,0.145000,0.145000
1771,0.145000,0.135000,0.135000,0.145000,0.145000,0.153000,0.145000,0.145000,0.145000,0.135000,0.135000,0.145000,0.114000,0.145000,0.145000,0.145000,0.145000,0.145000,0.145000,0.145000,0.145000,0.145000,0.145000
1772,0.145000,0.135000,0.135000,0.145000,0.145000,0.153000,0.145000,0.145000,0.145000,0.135000,0.135000,0.145000,0.114000,0.145000,0.145000,0.145000,0.145000,0.145000,0.145000,0.145000,0.145000,0.145000,0.145000
1773,0.145000,0.135000,0.135000,0.145000,0.145000,0.153000,0.145000,0.145000,0.145000,0.135000,0.135000,0.145000,0.114000,0.145000,0.145000,0.145000,0.145000,0.145000,0.145000,0.145000,0.145000,0.145000,0.145000
1774,0.145000,0.135000,0.135000,0.145000,0.145000,0.153000,0.145000,0.145000,0.145000,0.135000,0.135000,0.145000,0.114000,0.145000,0.145000,0.145000,0.145000,0.145000,0.145000,0.145000,0.145000,0.145000,0.145000
1775,0.145000,0.135000,0.135000,0.145000,0.145000,0.153000,0.145000,0.145000,0.145000,0.135000,0.135000,0.145000,0.114000,0.145000,0.145000,0.145000,0.145000,0.145000,0.145000,0.145000,0.145000,0.145000,0.145000
1776,0.145000,0.135000,0.135000,0.145000,0.145000,0.153000,0.145000,0.145000,0.145000,0.135000,0.135000,0.145000,0.114000,0.145000,0.145000,0.145000,0.145000,0.145000,0.145000,0.145000,0.145000,0.145000,0.145000
1777,0.145000,0.135000,0.135000,0.145000,0.145000,0.153000,0.145000,0.145000,0.145000,0.135000,0.135000,0.145000,0.114000,0.145000,0.145000,0.145000,0.145000,0.145000,0.145000,0.145000,0.145000,0.145000,0.145000
1778,0.145000,0.135000,0.135000,0.145000,0.145000,0.153000,0.145000,0.145000,0.145000,0.135000,0.135000,0.145000,0.114000,0.145000,0.145000,0.145000,0.145000,0.145000,0.145000,0.145000,0.145000,0.145000,0.145000
1779,0.145000,0.135000,0.135000,0.145000,0.145000,0.153000,0.145000,0.145000,0.145000,0.135000,0.135000,0.145000,0.114000,0.145000,0.145000,0.145000,0.145000,0.145000,0.145000,0.145000,0.145000,0.145000,0.145000
1780,0.145000,0.135000,0.135000,0.145000,0.145000,0.153000,0.145000,0.145000,0.145000,0.135000,0.135000,0.145000,0.114000,0.145000,0.145000,0.145000,0.145000,0.145000,0.145000,0.145000,0.145000,0.145000,0.145000
1781,0.145000,0.135000,0.135000,0.145000,0.145000,0.153000,0.145000,0.145000,0.145000,0.135000,0.135000,0.145000,0.114000,0.145000,0.145000,0.145000,0.145000,0.145000,0.145000,0.145000,0.145000,0.145000,0.145000
1782,0.145000,0.135000,0.135000,0.145000,0.145000,0.153000,0.145000,0.145000,0.145000,0.135000,0.135000,0.145000,0.114000,0.145000,0.145000,0.145000,0.145000,0.145000,0.145000,0.145000,0.145000,0.145000,0.145000
1783,0.145000,0.135000,0.135000,0.145000,0.145000,0.153000,0.145000,0.145000,0.145000,0.135000,0.135000,0.145000,0.114000,0.145000,0.145000,0.145000,0.145000,0.145000,0.145000,0.145000,0.145000,0.145000,0.145000
1784,0.145000,0.135000,0.135000,0.145000,0.145000,0.153000,0.145000,0.145000,0.145000,0.135000,0.135000,0.145000,0.114000,0.145000,0.145000,0.145000,0.145000,0.145000,0.145000,0.145000,0.145000,0.145000,0.145000
1785,0.145000,0.135000,0.135000,0.145000,0.145000,0.153000,0.145000,0.145000,0.145000,0.135000,0.135000,0.145000,0.114000,0.145000,0.145000,0.145000,0.145000,0.145000,0.145000,0.145000,0.145000,0.145000,0.145000
1786,0.145000,0.135000,0.135000,0.145000,0.145000,0.153000,0.145000,0.145000,0.145000,0.135000,0.135000,0.145000,0.114000,0.145000,0.145000,0.145000,0.145000,0.145000,0.145000,0.145000,0.145000,0.145000,0.145000
1787,0.145000,0.135000,0.135000,0.145000,0.145000,0.153000,0.145000,0.145000,0.145000,0.135000,0.135000,0.145000,0.114000,0.145000,0.145000,0.145000,0.145000,0.145000,0.145000,0.145000,0.145000,0.145000,0.145000
1788,0.145000,0.135000,0.135000,0.145000,0.145000,0.153000,0.145000,0.145000,0.145000,0.135000,0.135000,0.145000,0.114000,0.145000,0.145000,0.145000,0.145000,0.145000,0.145000,0.145000,0.145000,0.145000,0.145000
1789,0.145000,0.135000,0.135000,0.145000,0.145000,0.153000,0.145000,0.145000,0.145000,0.135000,0.135000,0.145000,0.114000,0.145000,0.145000,0.145000,0.145000,0.145000,0.145000,0.145000,0.145000,0.145000,0.145000
1790,0.145000,0.135000,0.135000,0.145000,0.145000,0.153000,0.145000,0.145000,0.145000,0.135000,0.135000,0.145000,0.114000,0.145000,0.145000,0.145000,0.145000,0.145000,0.145000,0.145000,0.145000,0.145000,0.145000
1791,0.145000,0.135000,0.135000,0.145000,0.145000,0.153000,0.145000,0.145000,0.145000,0.135000,0.135000,0.145000,0.114000,0.145000,0.145000,0.145000,0.145000,0.145000,0.145000,0.145000,0.145000,0.145000,0.145000
1792,0.145000,0.135000,0.135000,0.145000,0.145000,0.153000,0.145000,0.145000,0.145000,0.135000,0.135000,0.145000,0.114000,0.145000,0.145000,0.145000,0.145000,0.145000,0.145000,0.145000,0.145000,0.145000,0.145000
1793,0.145000,0.135000,0.135000,0.145000,0.145000,0.153000,0.145000,0.145000,0.145000,0.135000,0.135000,0.145000,0.114000,0.145000,0.145000,0.145000,0.145000,0.145000,0.145000,0.145000,0.145000,0.145000,0.145000
1794,0.145000,0.135000,0.135000,0.145000,0.145000,0.153000,0.145000,0.145000,0.145000,0.135000,0.135000,0.145000,0.114000,0.145000,0.145000,0.145000,0.145000,0.145000,0.145000,0.145000,0.145000,0.145000,0.145000
1795,0.145000,0.135000,0.135000,0.145000,0.145000,0.153000,0.145000,0.145000,0.145000,0.135000,0.135000,0.145000,0.114000,0.145000,0.145000,0.145000,0.145000,0.145000,0.145000,0.145000,0.145000,0.145000,0.145000
1796,0.145000,0.135000,0.135000,0.145000,0.145000,0.153000,0.145000,0.145000,0.145000,0.135000,0.135000,0.145000,0.114000,0.145000,0.145000,0.145000,0.145000,0.145000,0.145000,0.145000,0.145000,0.145000,0.145000
1797,0.145000,0.135000,0.135000,0.145000,0.145000,0.153000,0.145000,0.145000,0.145000,0.135000,0.135000,0.145000,0.114000,0.145000,0.145000,0.145000,0.145000,0.145000,0.145000,0.145000,0.145000,0.145000,0.145000
1798,0.145000,0.135000,0.135000,0.145000,0.145000,0.153000,0.145000,0.145000,0.145000,0.135000,0.135000,0.145000,0.114000,0.145000,0.145000,0.145000,0.145000,0.145000,0.145000,0.145000,0.145000,0.145000,0.145000
1799,0.145000,0.135000,0.135000,0.145000,0.145000,0.153000,0.145000,0.145000,0.145000,0.135000,0.135000,0.145000,0.114000,0.145000,0.145000,0.145000,0.145000,0.145000,0.145000,0.145000,0.145000,0.145000,0.145000
1800,0.145000,0.135000,0.135000,0.145000,0.145000,0.153000,0.145000,0.145000,0.145000,0.135000,0.135000,0.145000,0.114000,0.145000,0.145000,0.145000,0.145000,0.145000,0.145000,0.145000,0.145000,0.145000,0.145000
1801,0.145000,0.135000,0.135000,0.145000,0.145000,0.153000,0.145000,0.145000,0.145000,0.135000,0.135000,0.145000,0.114000,0.145000,0.145000,0.145000,0.145000,0.145000,0.145000,0.145000,0.145000,0.145000,0.145000
1802,0.145000,0.135000,0.135000,0.145000,0.145000,0.153000,0.145000,0.145000,0.145000,0.135000,0.135000,0.145000,0.114000,0.145000,0.145000,0.145000,0.145000,0.145000,0.145000,0.145000,0.145000,0.145000,0.145000
1803,0.145000,0.135000,0.135000,0.145000,0.145000,0.153000,0.145000,0.145000,0.145000,0.135000,0.135000,0.145000,0.114000,0.145000,0.145000,0.145000,0.145000,0.145000,0.145000,0.145000,0.145000,0.145000,0.145000
1804,0.145000,0.135000,0.135000,0.145000,0.145000,0.153000,0.145000,0.145000,0.145000,0.135000,0.135000,0.145000,0.114000,0.145000,0.145000,0.145000,0.145000,0.145000,0.145000,0.145000,0.145000,0.145000,0.145000
1805,0.145000,0.135000,0.135000,0.145000,0.145000,0.153000,0.145000,0.145000,0.145000,0.135000,0.135000,0.145000,0.114000,0.145000,0.145000,0.145000,0.145000,0.145000,0.145000,0.145000,0.145000,0.145000,0.145000
1806,0.145000,0.135000,0.135000,0.145000,0.145000,0.153000,0.145000,0.145000,0.145000,0.135000,0.135000,0.145000,0.114000,0.145000,0.145000,0.145000,0.145000,0.145000,0.145000,0.145000,0.145000,0.145000,0.145000
1807,0.145000,0.135000,0.135000,0.145000,0.145000,0.153000,0.145000,0.145000,0.145000,0.135000,0.135000,0.145000,0.114000,0.145000,0.145000,0.145000,0.145000,0.145000,0.145000,0.145000,0.145000,0.145000,0.145000
1808,0.145000,0.135000,0.135000,0.145000,0.145000,0.153000,0.145000,0.145000,0.145000,0.135000,0.135000,0.145000,0.114000,0.145000,0.145000,0.145000,0.145000,0.145000,0.145000,0.145000,0.145000,0.145000,0.145000
1809,0.145000,0.135000,0.135000,0.145000,0.145000,0.153000,0.145000,0.145000,0.145000,0.135000,0.135000,0.145000,0.114000,0.145000,0.145000,0.145000,0.145000,0.145000,0.145000,0.145000,0.145000,0.145000,0.145000
1810,0.145000,0.135000,0.135000,0.145000,0.145000,0.153000,0.145000,0.145000,0.145000,0.135000,0.135000,0.145000,0.114000,0.145000,0.145000,0.145000,0.145000,0.145000,0.145000,0.145000,0.145000,0.145000,0.145000
1811,0.145000,0.135000,0.135000,0.145000,0.145000,0.153000,0.145000,0.145000,0.145000,0.135000,0.000000,0.000000,0.114000,0.145000,0.145000,0.145000,0.145000,0.145000,0.145000,0.145000,0.145000,0.145000,0.145000
1812,0.145000,0.135000,0.135000,0.145000,0.145000,0.153000,0.145000,0.145000,0.145000,0.135000,0.000000,0.000000,0.114000,0.145000,0.145000,0.145000,0.145000,0.145000,0.145000,0.145000,0.145000,0.145000,0.145000
1813,0.145000,0.135000,0.135000,0.145000,0.145000,0.153000,0.145000,0.145000,0.145000,0.135000,0.000000,0.000000,0.114000,0.145000,0.145000,0.145000,0.145000,0.145000,0.145000,0.145000,0.145000,0.145000,0.145000
1814,0.145000,0.135000,0.135000,0.145000,0.145000,0.153000,0.145000,0.145000,0.145000,0.135000,0.000000,0.000000,0.114000,0.145000,0.145000,0.145000,0.145000,0.145000,0.145000,0.145000,0.145000,0.145000,0.145000
1815,0.145000,0.135000,0.135000,0.145000,0.145000,0.153000,0.145000,0.145000,0.145000,0.135000,0.000000,0.000000,0.114000,0.145000,0.145000,0.145000,0.145000,0.145000,0.145000,0.145000,0.145000,0.145000,0.145000
1816,0.145000,0.135000,0.135000,0.145000,0.145000,0.153000,0.145000,0.145000,0.145000,0.135000,0.000000,0.000000,0.114000,0.145000,0.145000,0.145000,0.145000,0.145000,0.145000,0.145000,0.145000,0.145000,0.145000
1817,0.145000,0.135000,0.135000,0.145000,0.145000,0.153000,0.145000,0.145000,0.145000,0.135000,0.000000,0.000000,0.114000,0.145000,0.145000,0.145000,0.145000,0.145000,0.145000,0.145000,0.145000,0.145000,0.145000
1818,0.145000,0.135000,0.135000,0.145000,0.145000,0.153000,0.145000,0.145000,0.145000,0.135000,0.000000,0.000000,0.114000,0.145000,0.145000,0.145000,0.145000,0.145000,0.145000,0.145000,0.145000,0.145000,0.145000
1819,0.145000,0.135000,0.135000,0.145000,0.145000,0.153000,0.145000,0.145000,0.145000,0.135000,0.000000,0.000000,0.114000,0.145000,0.145000,0.145000,0.145000,0.145000,0.145000,0.145000,0.145000,0.145000,0.145000
1820,0.145000,0.135000,0.135000,0.145000,0.145000,0.153000,0.145000,0.145000,0.145000,0.135000,0.000000,0.000000,0.114000,0.145000,0.145000,0.145000,0.145000,0.145000,0.145000,0.145000,0.145000,0.145000,0.145000
1821,0.145000,0.135000,0.135000,0.145000,0.145000,0.153000,0.145000,0.145000,0.145000,0.135000,0.000000,0.000000,0.114000,0.145000,0.145000,0.145000,0.145000,0.145000,0.145000,0.145000,0.145000,0.145000,0.145000
1822,0.145000,0.135000,0.135000,0.145000,0.145000,0.153000,0.145000,0.145000,0.145000,0.135000,0.000000,0.000000,0.114000,0.145000,0.145000,0.145000,0.145000,0.145000,0.145000,0.145000,0.145000,0.145000,0.145000
1823,0.145000,0.135000,0.135000,0.145000,0.145000,0.153000,0.145000,0.145000,0.145000,0.135000,0.000000,0.000000,0.114000,0.145000,0.145000,0.145000,0.145000,0.145000,0.145000,0.145000,0.145000,0.145000,0.145000
1824,0.145000,0.135000,0.135000,0.145000,0.145000,0.153000,0.145000,0.145000,0.145000,0.135000,0.000000,0.000000,0.114000,0.145000,0.145000,0.145000,0.145000,0.145000,0.145000,0.145000,0.145000,0.145000,0.145000
1825,0.145000,0.135000,0.135000,0.145000,0.145000,0.153000,0.145000,0.145000,0.145000,0.135000,0.000000,0.000000,0.114000,0.145000,0.145000,0.145000,0.145000,0.145000,0.145000,0.145000,0.145000,0.145000,0.145000
1826,0.145000,0.135000,0.135000,0.145000,0.145000,0.153000,0.145000,0.145000,0.145000,0.135000,0.000000,0.000000,0.114000,0.145000,0.145000,0.145000,0.145000,0.145000,0.145000,0.145000,0.145000,0.145000,0.145000
1827,0.145000,0.135000,0.135000,0.145000,0.145000,0.153000,0.145000,0.145000,0.145000,0.135000,0.000000,0.000000,0.114000,0.145000,0.145000,0.145000,0.145000,0.145000,0.145000,0.145000,0.145000,0.145000,0.145000
1828,0.145000,0.135000,0.135000,0.145000,0.145000,0.153000,0.145000,0.145000,0.145000,0.135000,0.000000,0.000000,0.114000,0.145000,0.145000,0.145000,0.145000,0.145000,0.145000,0.145000,0.145000,0.145000,0.145000
1829,0.145000,0.135000,0.135000,0.145000,0.145000,0.153000,0.145000,0.145000,0.000000,0.135000,0.000000,0.000000,0.114000,0.145000,0.145000,0.145000,0.145000,0.145000,0.145000,0.145000,0.145000,0.000000,0.145000
1830,0.000000,0.135000,0.135000,0.145000,0.145000,0.153000,0.000000,0.145000,0.000000,0.135000,0.000000,0.000000,0.114000,0.145000,0.145000,0.145000,0.145000,0.145000,0.145000,0.145000,0.145000,0.000000,0.145000
1831,0.000000,0.135000,0.135000,0.145000,0.145000,0.153000,0.000000,0.145000,0.000000,0.135000,0.000000,0.000000,0.114000,0.000000,0.145000,0.145000,0.145000,0.145000,0.145000,0.145000,0.145000,0.000000,0.145000
1832,0.000000,0.135000,0.135000,0.145000,0.145000,0.153000,0.000000,0.145000,0.000000,0.135000,0.000000,0.000000,0.114000,0.000000,0.145000,0.145000,0.145000,0.145000,0.145000,0.145000,0.145000,0.000000,0.145000
1833,0.000000,0.135000,0.135000,0.145000,0.145000,0.153000,0.000000,0.145000,0.000000,0.135000,0.000000,0.000000,0.114000,0.000000,0.145000,0.145000,0.145000,0.145000,0.145000,0.145000,0.145000,0.000000,0.145000
1834,0.000000,0.135000,0.135000,0.000000,0.145000,0.153000,0.000000,0.145000,0.000000,0.135000,0.000000,0.000000,0.114000,0.000000,0.000000,0.145000,0.145000,0.000000,0.145000,0.145000,0.145000,0.000000,0.145000
1835,0.000000,0.135000,0.135000,0.000000,0.000000,0.153000,0.000000,0.145000,0.000000,0.135000,0.000000,0.000000,0.114000,0.000000,0.000000,0.145000,0.145000,0.000000,0.145000,0.000000,0.145000,0.000000,0.145000
1836,0.000000,0.135000,0.135000,0.000000,0.000000,0.153000,0.000000,0.145000,0.000000,0.135000,0.000000,0.000000,0.114000,0.000000,0.000000,0.145000,0.145000,0.000000,0.145000,0.000000,0.145000,0.000000,0.145000
1837,0.000000,0.135000,0.135000,0.000000,0.000000,0.153000,0.000000,0.145000,0.000000,0.135000,0.000000,0.000000,0.114000,0.000000,0.000000,0.145000,0.145000,0.000000,0.145000,0.000000,0.145000,0.000000,0.145000
1838,0.000000,0.135000,0.135000,0.000000,0.000000,0.153000,0.000000,0.145000,0.000000,0.135000,0.000000,0.000000,0.114000,0.000000,0.000000,0.145000,0.145000,0.000000,0.145000,0.000000,0.145000,0.000000,0.145000
1839,0.000000,0.135000,0.135000,0.000000,0.000000,0.153000,0.000000,0.000000,0.000000,0.135000,0.000000,0.000000,0.114000,0.000000,0.000000,0.145000,0.145000,0.000000,0.145000,0.000000,0.145000,0.000000,0.145000
1840,0.000000,0.135000,0.135000,0.000000,0.000000,0.153000,0.000000,0.000000,0.000000,0.135000,0.000000,0.000000,0.114000,0.000000,0.000000,0.145000,0.145000,0.000000,0.145000,0.000000,0.145000,0.000000,0.145000
1841,0.000000,0.135000,0.135000,0.000000,0.000000,0.153000,0.000000,0.000000,0.000000,0.135000,0.000000,0.000000,0.114000,0.000000,0.000000,0.145000,0.145000,0.000000,0.000000,0.000000,0.145000,0.000000,0.145000
1842,0.000000,0.135000,0.135000,0.000000,0.000000,0.153000,0.000000,0.000000,0.000000,0.135000,0.000000,0.000000,0.114000,0.000000,0.000000,0.145000,0.145000,0.000000,0.000000,0.000000,0.145000,0.000000,0.145000
1843,0.000000,0.135000,0.135000,0.000000,0.000000,0.153000,0.000000,0.000000,0.000000,0.135000,0.000000,0.000000,0.114000,0.000000,0.000000,0.145000,0.000000,0.000000,0.000000,0.000000,0.145000,0.000000,0.000000
1844,0.000000,0.135000,0.135000,0.000000,0.000000,0.153000,0.000000,0.000000,0.000000,0.135000,0.000000,0.000000,0.114000,0.000000,0.000000,0.145000,0.000000,0.000000,0.000000,0.000000,0.145000,0.000000,0.000000
1845,0.000000,0.135000,0.135000,0.000000,0.000000,0.153000,0.000000,0.000000,0.000000,0.135000,0.000000,0.000000,0.114000,0.000000,0.000000,0.000000,0.000000,0.000000,0.000000,0.000000,0.145000,0.000000,0.000000
1846,0.000000,0.135000,0.135000,0.000000,0.000000,0.153000,0.000000,0.000000,0.000000,0.135000,0.000000,0.000000,0.114000,0.000000,0.000000,0.000000,0.000000,0.000000,0.000000,0.000000,0.000000,0.000000,0.000000
1847,0.000000,0.135000,0.135000,0.000000,0.000000,0.153000,0.000000,0.000000,0.000000,0.000000,0.000000,0.000000,0.114000,0.000000,0.000000,0.000000,0.000000,0.000000,0.000000,0.000000,0.000000,0.000000,0.000000
1848,0.000000,0.135000,0.135000,0.000000,0.000000,0.153000,0.000000,0.000000,0.000000,0.000000,0.000000,0.000000,0.114000,0.000000,0.000000,0.000000,0.000000,0.000000,0.000000,0.000000,0.000000,0.000000,0.000000
1849,0.000000,0.135000,0.135000,0.000000,0.000000,0.153000,0.000000,0.000000,0.000000,0.000000,0.000000,0.000000,0.114000,0.000000,0.000000,0.000000,0.000000,0.000000,0.000000,0.000000,0.000000,0.000000,0.000000
1850,0.000000,0.135000,0.135000,0.000000,0.000000,0.153000,0.000000,0.000000,0.000000,0.000000,0.000000,0.000000,0.114000,0.000000,0.000000,0.000000,0.000000,0.000000,0.000000,0.000000,0.000000,0.000000,0.000000
1851,0.000000,0.135000,0.135000,0.000000,0.000000,0.153000,0.000000,0.000000,0.000000,0.000000,0.000000,0.000000,0.114000,0.000000,0.000000,0.000000,0.000000,0.000000,0.000000,0.000000,0.000000,0.000000,0.000000
1852,0.000000,0.135000,0.135000,0.000000,0.000000,0.153000,0.000000,0.000000,0.000000,0.000000,0.000000,0.000000,0.114000,0.000000,0.000000,0.000000,0.000000,0.000000,0.000000,0.000000,0.000000,0.000000,0.000000
1853,0.000000,0.135000,0.135000,0.000000,0.000000,0.153000,0.000000,0.000000,0.000000,0.000000,0.000000,0.000000,0.114000,0.000000,0.000000,0.000000,0.000000,0.000000,0.000000,0.000000,0.000000,0.000000,0.000000
1854,0.000000,0.135000,0.135000,0.000000,0.000000,0.153000,0.000000,0.000000,0.000000,0.000000,0.000000,0.000000,0.114000,0.000000,0.000000,0.000000,0.000000,0.000000,0.000000,0.000000,0.000000,0.000000,0.000000
1855,0.000000,0.135000,0.135000,0.000000,0.000000,0.153000,0.000000,0.000000,0.000000,0.000000,0.000000,0.000000,0.114000,0.000000,0.000000,0.000000,0.000000,0.000000,0.000000,0.000000,0.000000,0.000000,0.000000
1856,0.000000,0.135000,0.135000,0.000000,0.000000,0.153000,0.000000,0.000000,0.000000,0.000000,0.000000,0.000000,0.114000,0.000000,0.000000,0.000000,0.000000,0.000000,0.000000,0.000000,0.000000,0.000000,0.000000
1857,0.000000,0.135000,0.135000,0.000000,0.000000,0.153000,0.000000,0.000000,0.000000,0.000000,0.000000,0.000000,0.114000,0.000000,0.000000,0.000000,0.000000,0.000000,0.000000,0.000000,0.000000,0.000000,0.000000
1858,0.000000,0.135000,0.135000,0.000000,0.000000,0.153000,0.000000,0.000000,0.000000,0.000000,0.000000,0.000000,0.114000,0.000000,0.000000,0.000000,0.000000,0.000000,0.000000,0.000000,0.000000,0.000000,0.000000
1859,0.000000,0.135000,0.135000,0.000000,0.000000,0.153000,0.000000,0.000000,0.000000,0.000000,0.000000,0.000000,0.114000,0.000000,0.000000,0.000000,0.000000,0.000000,0.000000,0.000000,0.000000,0.000000,0.000000
1860,0.000000,0.135000,0.135000,0.000000,0.000000,0.153000,0.000000,0.000000,0.000000,0.000000,0.000000,0.000000,0.114000,0.000000,0.000000,0.000000,0.000000,0.000000,0.000000,0.000000,0.000000,0.000000,0.000000
1861,0.000000,0.135000,0.135000,0.000000,0.000000,0.153000,0.000000,0.000000,0.000000,0.000000,0.000000,0.000000,0.114000,0.000000,0.000000,0.000000,0.000000,0.000000,0.000000,0.000000,0.000000,0.000000,0.000000
1862,0.000000,0.135000,0.000000,0.000000,0.000000,0.153000,0.000000,0.000000,0.000000,0.000000,0.000000,0.000000,0.114000,0.000000,0.000000,0.000000,0.000000,0.000000,0.000000,0.000000,0.000000,0.000000,0.000000
1863,0.000000,0.135000,0.000000,0.000000,0.000000,0.153000,0.000000,0.000000,0.000000,0.000000,0.000000,0.000000,0.114000,0.000000,0.000000,0.000000,0.000000,0.000000,0.000000,0.000000,0.000000,0.000000,0.000000
1864,0.000000,0.135000,0.000000,0.000000,0.000000,0.153000,0.000000,0.000000,0.000000,0.000000,0.000000,0.000000,0.114000,0.000000,0.000000,0.000000,0.000000,0.000000,0.000000,0.000000,0.000000,0.000000,0.000000
1865,0.000000,0.135000,0.000000,0.000000,0.000000,0.153000,0.000000,0.000000,0.000000,0.000000,0.000000,0.000000,0.114000,0.000000,0.000000,0.000000,0.000000,0.000000,0.000000,0.000000,0.000000,0.000000,0.000000
1866,0.000000,0.135000,0.000000,0.000000,0.000000,0.153000,0.000000,0.000000,0.000000,0.000000,0.000000,0.000000,0.114000,0.000000,0.000000,0.000000,0.000000,0.000000,0.000000,0.000000,0.000000,0.000000,0.000000
1867,0.000000,0.135000,0.000000,0.000000,0.000000,0.153000,0.000000,0.000000,0.000000,0.000000,0.000000,0.000000,0.114000,0.000000,0.000000,0.000000,0.000000,0.000000,0.000000,0.000000,0.000000,0.000000,0.000000
1868,0.000000,0.135000,0.000000,0.000000,0.000000,0.153000,0.000000,0.000000,0.000000,0.000000,0.000000,0.000000,0.114000,0.000000,0.000000,0.000000,0.000000,0.000000,0.000000,0.000000,0.000000,0.000000,0.000000
1869,0.000000,0.135000,0.000000,0.000000,0.000000,0.153000,0.000000,0.000000,0.000000,0.000000,0.000000,0.000000,0.114000,0.000000,0.000000,0.000000,0.000000,0.000000,0.000000,0.000000,0.000000,0.000000,0.000000
1870,0.000000,0.135000,0.000000,0.000000,0.000000,0.153000,0.000000,0.000000,0.000000,0.000000,0.000000,0.000000,0.114000,0.000000,0.000000,0.000000,0.000000,0.000000,0.000000,0.000000,0.000000,0.000000,0.000000
1871,0.000000,0.135000,0.000000,0.000000,0.000000,0.153000,0.000000,0.000000,0.000000,0.000000,0.000000,0.000000,0.114000,0.000000,0.000000,0.000000,0.000000,0.000000,0.000000,0.000000,0.000000,0.000000,0.000000
1872,0.000000,0.135000,0.000000,0.000000,0.000000,0.153000,0.000000,0.000000,0.000000,0.000000,0.000000,0.000000,0.114000,0.000000,0.000000,0.000000,0.000000,0.000000,0.000000,0.000000,0.000000,0.000000,0.000000
1873,0.000000,0.135000,0.000000,0.000000,0.000000,0.153000,0.000000,0.000000,0.000000,0.000000,0.000000,0.000000,0.114000,0.000000,0.000000,0.000000,0.000000,0.000000,0.000000,0.000000,0.000000,0.000000,0.000000
1874,0.000000,0.135000,0.000000,0.000000,0.000000,0.153000,0.000000,0.000000,0.000000,0.000000,0.000000,0.000000,0.114000,0.000000,0.000000,0.000000,0.000000,0.000000,0.000000,0.000000,0.000000,0.000000,0.000000
1875,0.000000,0.135000,0.000000,0.000000,0.000000,0.153000,0.000000,0.000000,0.000000,0.000000,0.000000,0.000000,0.114000,0.000000,0.000000,0.000000,0.000000,0.000000,0.000000,0.000000,0.000000,0.000000,0.000000
1876,0.000000,0.135000,0.000000,0.000000,0.000000,0.153000,0.000000,0.000000,0.000000,0.000000,0.000000,0.000000,0.114000,0.000000,0.000000,0.000000,0.000000,0.000000,0.000000,0.000000,0.000000,0.000000,0.000000
1877,0.000000,0.000000,0.000000,0.000000,0.000000,0.153000,0.000000,0.000000,0.000000,0.000000,0.000000,0.000000,0.114000,0.000000,0.000000,0.000000,0.000000,0.000000,0.000000,0.000000,0.000000,0.000000,0.000000
1878,0.000000,0.000000,0.000000,0.000000,0.000000,0.153000,0.000000,0.000000,0.000000,0.000000,0.000000,0.000000,0.114000,0.000000,0.000000,0.000000,0.000000,0.000000,0.000000,0.000000,0.000000,0.000000,0.000000
1879,0.000000,0.000000,0.000000,0.000000,0.000000,0.153000,0.000000,0.000000,0.000000,0.000000,0.000000,0.000000,0.114000,0.000000,0.000000,0.000000,0.000000,0.000000,0.000000,0.000000,0.000000,0.000000,0.000000
1880,0.000000,0.000000,0.000000,0.000000,0.000000,0.153000,0.000000,0.000000,0.000000,0.000000,0.000000,0.000000,0.114000,0.000000,0.000000,0.000000,0.000000,0.000000,0.000000,0.000000,0.000000,0.000000,0.000000
1881,0.000000,0.000000,0.000000,0.000000,0.000000,0.153000,0.000000,0.000000,0.000000,0.000000,0.000000,0.000000,0.114000,0.000000,0.000000,0.000000,0.000000,0.000000,0.000000,0.000000,0.000000,0.000000,0.000000
1882,0.000000,0.000000,0.000000,0.000000,0.000000,0.153000,0.000000,0.000000,0.000000,0.000000,0.000000,0.000000,0.114000,0.000000,0.000000,0.000000,0.000000,0.000000,0.000000,0.000000,0.000000,0.000000,0.000000
1883,0.000000,0.000000,0.000000,0.000000,0.000000,0.153000,0.000000,0.000000,0.000000,0.000000,0.000000,0.000000,0.114000,0.000000,0.000000,0.000000,0.000000,0.000000,0.000000,0.000000,0.000000,0.000000,0.000000
1884,0.000000,0.000000,0.000000,0.000000,0.000000,0.153000,0.000000,0.000000,0.000000,0.000000,0.000000,0.000000,0.114000,0.000000,0.000000,0.000000,0.000000,0.000000,0.000000,0.000000,0.000000,0.000000,0.000000
1885,0.000000,0.000000,0.000000,0.000000,0.000000,0.153000,0.000000,0.000000,0.000000,0.000000,0.000000,0.000000,0.114000,0.000000,0.000000,0.000000,0.000000,0.000000,0.000000,0.000000,0.000000,0.000000,0.000000
1886,0.000000,0.000000,0.000000,0.000000,0.000000,0.153000,0.000000,0.000000,0.000000,0.000000,0.000000,0.000000,0.114000,0.000000,0.000000,0.000000,0.000000,0.000000,0.000000,0.000000,0.000000,0.000000,0.000000
1887,0.000000,0.000000,0.000000,0.000000,0.000000,0.153000,0.000000,0.000000,0.000000,0.000000,0.000000,0.000000,0.114000,0.000000,0.000000,0.000000,0.000000,0.000000,0.000000,0.000000,0.000000,0.000000,0.000000
1888,0.000000,0.000000,0.000000,0.000000,0.000000,0.153000,0.000000,0.000000,0.000000,0.000000,0.000000,0.000000,0.114000,0.000000,0.000000,0.000000,0.000000,0.000000,0.000000,0.000000,0.000000,0.000000,0.000000
1889,0.000000,0.000000,0.000000,0.000000,0.000000,0.153000,0.000000,0.000000,0.000000,0.000000,0.000000,0.000000,0.114000,0.000000,0.000000,0.000000,0.000000,0.000000,0.000000,0.000000,0.000000,0.000000,0.000000
1890,0.000000,0.000000,0.000000,0.000000,0.000000,0.153000,0.000000,0.000000,0.000000,0.000000,0.000000,0.000000,0.114000,0.000000,0.000000,0.000000,0.000000,0.000000,0.000000,0.000000,0.000000,0.000000,0.000000
1891,0.000000,0.000000,0.000000,0.000000,0.000000,0.153000,0.000000,0.000000,0.000000,0.000000,0.000000,0.000000,0.114000,0.000000,0.000000,0.000000,0.000000,0.000000,0.000000,0.000000,0.000000,0.000000,0.000000
1892,0.000000,0.000000,0.000000,0.000000,0.000000,0.153000,0.000000,0.000000,0.000000,0.000000,0.000000,0.000000,0.114000,0.000000,0.000000,0.000000,0.000000,0.000000,0.000000,0.000000,0.000000,0.000000,0.000000
1893,0.000000,0.000000,0.000000,0.000000,0.000000,0.153000,0.000000,0.000000,0.000000,0.000000,0.000000,0.000000,0.114000,0.000000,0.000000,0.000000,0.000000,0.000000,0.000000,0.000000,0.000000,0.000000,0.000000
1894,0.000000,0.000000,0.000000,0.000000,0.000000,0.153000,0.000000,0.000000,0.000000,0.000000,0.000000,0.000000,0.114000,0.000000,0.000000,0.000000,0.000000,0.000000,0.000000,0.000000,0.000000,0.000000,0.000000
1895,0.000000,0.000000,0.000000,0.000000,0.000000,0.153000,0.000000,0.000000,0.000000,0.000000,0.000000,0.000000,0.114000,0.000000,0.000000,0.000000,0.000000,0.000000,0.000000,0.000000,0.000000,0.000000,0.000000
1896,0.000000,0.000000,0.000000,0.000000,0.000000,0.153000,0.000000,0.000000,0.000000,0.000000,0.000000,0.000000,0.114000,0.000000,0.000000,0.000000,0.000000,0.000000,0.000000,0.000000,0.000000,0.000000,0.000000
1897,0.000000,0.000000,0.000000,0.000000,0.000000,0.153000,0.000000,0.000000,0.000000,0.000000,0.000000,0.000000,0.114000,0.000000,0.000000,0.000000,0.000000,0.000000,0.000000,0.000000,0.000000,0.000000,0.000000
1898,0.000000,0.000000,0.000000,0.000000,0.000000,0.153000,0.000000,0.000000,0.000000,0.000000,0.000000,0.000000,0.114000,0.000000,0.000000,0.000000,0.000000,0.000000,0.000000,0.000000,0.000000,0.000000,0.000000
1899,0.000000,0.000000,0.000000,0.000000,0.000000,0.153000,0.000000,0.000000,0.000000,0.000000,0.000000,0.000000,0.114000,0.000000,0.000000,0.000000,0.000000,0.000000,0.000000,0.000000,0.000000,0.000000,0.000000
1900,0.000000,0.000000,0.000000,0.000000,0.000000,0.153000,0.000000,0.000000,0.000000,0.000000,0.000000,0.000000,0.114000,0.000000,0.000000,0.000000,0.000000,0.000000,0.000000,0.000000,0.000000,0.000000,0.000000
1901,0.000000,0.000000,0.000000,0.000000,0.000000,0.153000,0.000000,0.000000,0.000000,0.000000,0.000000,0.000000,0.114000,0.000000,0.000000,0.000000,0.000000,0.000000,0.000000,0.000000,0.000000,0.000000,0.000000
1902,0.000000,0.000000,0.000000,0.000000,0.000000,0.153000,0.000000,0.000000,0.000000,0.000000,0.000000,0.000000,0.114000,0.000000,0.000000,0.000000,0.000000,0.000000,0.000000,0.000000,0.000000,0.000000,0.000000
1903,0.000000,0.000000,0.000000,0.000000,0.000000,0.153000,0.000000,0.000000,0.000000,0.000000,0.000000,0.000000,0.114000,0.000000,0.000000,0.000000,0.000000,0.000000,0.000000,0.000000,0.000000,0.000000,0.000000
1904,0.000000,0.000000,0.000000,0.000000,0.000000,0.153000,0.000000,0.000000,0.000000,0.000000,0.000000,0.000000,0.114000,0.000000,0.000000,0.000000,0.000000,0.000000,0.000000,0.000000,0.000000,0.000000,0.000000
1905,0.000000,0.000000,0.000000,0.000000,0.000000,0.153000,0.000000,0.000000,0.000000,0.000000,0.000000,0.000000,0.114000,0.000000,0.000000,0.000000,0.000000,0.000000,0.000000,0.000000,0.000000,0.000000,0.000000
1906,0.000000,0.000000,0.000000,0.000000,0.000000,0.153000,0.000000,0.000000,0.000000,0.000000,0.000000,0.000000,0.114000,0.000000,0.000000,0.000000,0.000000,0.000000,0.000000,0.000000,0.000000,0.000000,0.000000
1907,0.000000,0.000000,0.000000,0.000000,0.000000,0.153000,0.000000,0.000000,0.000000,0.000000,0.000000,0.000000,0.114000,0.000000,0.000000,0.000000,0.000000,0.000000,0.000000,0.000000,0.000000,0.000000,0.000000
1908,0.000000,0.000000,0.000000,0.000000,0.000000,0.000000,0.000000,0.000000,0.000000,0.000000,0.000000,0.000000,0.114000,0.000000,0.000000,0.000000,0.000000,0.000000,0.000000,0.000000,0.000000,0.000000,0.000000
1909,0.000000,0.000000,0.000000,0.000000,0.000000,0.000000,0.000000,0.000000,0.000000,0.000000,0.000000,0.000000,0.114000,0.000000,0.000000,0.000000,0.000000,0.000000,0.000000,0.000000,0.000000,0.000000,0.000000
1910,0.000000,0.000000,0.000000,0.000000,0.000000,0.000000,0.000000,0.000000,0.000000,0.000000,0.000000,0.000000,0.114000,0.000000,0.000000,0.000000,0.000000,0.000000,0.000000,0.000000,0.000000,0.000000,0.000000
1911,0.000000,0.000000,0.000000,0.000000,0.000000,0.000000,0.000000,0.000000,0.000000,0.000000,0.000000,0.000000,0.114000,0.000000,0.000000,0.000000,0.000000,0.000000,0.000000,0.000000,0.000000,0.000000,0.000000
1912,0.000000,0.000000,0.000000,0.000000,0.000000,0.000000,0.000000,0.000000,0.000000,0.000000,0.000000,0.000000,0.114000,0.000000,0.000000,0.000000,0.000000,0.000000,0.000000,0.000000,0.000000,0.000000,0.000000
1913,0.000000,0.000000,0.000000,0.000000,0.000000,0.000000,0.000000,0.000000,0.000000,0.000000,0.000000,0.000000,0.114000,0.000000,0.000000,0.000000,0.000000,0.000000,0.000000,0.000000,0.000000,0.000000,0.000000
1914,0.000000,0.000000,0.000000,0.000000,0.000000,0.000000,0.000000,0.000000,0.000000,0.000000,0.000000,0.000000,0.114000,0.000000,0.000000,0.000000,0.000000,0.000000,0.000000,0.000000,0.000000,0.000000,0.000000
1915,0.000000,0.000000,0.000000,0.000000,0.000000,0.000000,0.000000,0.000000,0.000000,0.000000,0.000000,0.000000,0.114000,0.000000,0.000000,0.000000,0.000000,0.000000,0.000000,0.000000,0.000000,0.000000,0.000000
